i: 0, Target: 0, n: 0, time: 3.357699999995134e-05, instance: 
[]
i: 1, Target: 0, n: 1, time: 1.7073999999950296e-05, instance: 
[1]
i: 2, Target: 0, n: 2, time: 1.7158000000017104e-05, instance: 
[1, 1]
i: 3, Target: 0, n: 3, time: 2.709400000000528e-05, instance: 
[1, 1, 1]
i: 4, Target: 0, n: 4, time: 4.167300000001983e-05, instance: 
[1, 1, 1, 1]
i: 5, Target: 0, n: 5, time: 8.034800000000786e-05, instance: 
[1, 1, 1, 1, 1]
i: 6, Target: 0, n: 6, time: 0.00024525499999994427, instance: 
[1, 1, 1, 1, 1, 1]
i: 7, Target: 0, n: 7, time: 0.0004669150000000677, instance: 
[1, 1, 1, 1, 1, 1, 1]
i: 8, Target: 0, n: 8, time: 0.0007188080000000152, instance: 
[1, 1, 1, 1, 1, 1, 1, 1]
i: 9, Target: 0, n: 9, time: 0.0012261049999999774, instance: 
[1, 1, 1, 1, 1, 1, 1, 1, 1]
i: 10, Target: 0, n: 10, time: 0.0026143720000000314, instance: 
[1, 1, 1, 1, 1, 1, 1, 1, 1, 1]
i: 11, Target: 0, n: 11, time: 0.005548141000000006, instance: 
[1, 1, 1, 1, 1, 1, 1, 1, 1, 1, 1]
i: 12, Target: 0, n: 12, time: 0.028390509000000064, instance: 
[1, 1, 1, 1, 1, 1, 1, 1, 1, 1, 1, 1]
i: 13, Target: 0, n: 13, time: 0.024822683000000012, instance: 
[1, 1, 1, 1, 1, 1, 1, 1, 1, 1, 1, 1, 1]
i: 14, Target: 0, n: 14, time: 0.04714145600000008, instance: 
[1, 1, 1, 1, 1, 1, 1, 1, 1, 1, 1, 1, 1, 1]
i: 15, Target: 0, n: 15, time: 0.08838676599999995, instance: 
[1, 1, 1, 1, 1, 1, 1, 1, 1, 1, 1, 1, 1, 1, 1]
i: 16, Target: 0, n: 16, time: 0.1749112129999999, instance: 
[1, 1, 1, 1, 1, 1, 1, 1, 1, 1, 1, 1, 1, 1, 1, 1]
i: 17, Target: 0, n: 17, time: 0.33264373300000005, instance: 
[1, 1, 1, 1, 1, 1, 1, 1, 1, 1, 1, 1, 1, 1, 1, 1, 1]
i: 18, Target: 0, n: 18, time: 0.9085399539999999, instance: 
[1, 1, 1, 1, 1, 1, 1, 1, 1, 1, 1, 1, 1, 1, 1, 1, 1, 1]
i: 19, Target: 0, n: 19, time: 1.5056589689999997, instance: 
[1, 1, 1, 1, 1, 1, 1, 1, 1, 1, 1, 1, 1, 1, 1, 1, 1, 1, 1]
i: 20, Target: 0, n: 20, time: 2.8733157929999997, instance: 
[1, 1, 1, 1, 1, 1, 1, 1, 1, 1, 1, 1, 1, 1, 1, 1, 1, 1, 1, 1]
i: 21, Target: 0, n: 21, time: 5.5378454790000005, instance: 
[1, 1, 1, 1, 1, 1, 1, 1, 1, 1, 1, 1, 1, 1, 1, 1, 1, 1, 1, 1, 1]
i: 22, Target: 0, n: 22, time: 10.511857768, instance: 
[1, 1, 1, 1, 1, 1, 1, 1, 1, 1, 1, 1, 1, 1, 1, 1, 1, 1, 1, 1, 1, 1]
i: 23, Target: 0, n: 23, time: 21.692899812000004, instance: 
[1, 1, 1, 1, 1, 1, 1, 1, 1, 1, 1, 1, 1, 1, 1, 1, 1, 1, 1, 1, 1, 1, 1]
i: 24, Target: 0, n: 24, time: 42.548527826, instance: 
[1, 1, 1, 1, 1, 1, 1, 1, 1, 1, 1, 1, 1, 1, 1, 1, 1, 1, 1, 1, 1, 1, 1, 1]
