i: 1, Target: 0, n: 1, solution: True, time: 2.7499999999403e-06, instance: 
[1]
i: 2, Target: 0, n: 2, solution: True, time: 2.3780000000250823e-06, instance: 
[1, 1]
i: 3, Target: 0, n: 3, solution: True, time: 2.3120000000043106e-06, instance: 
[1, 1, 1]
i: 4, Target: 0, n: 4, solution: True, time: 2.2540000000903504e-06, instance: 
[1, 1, 1, 1]
i: 5, Target: 0, n: 5, solution: True, time: 2.1640000000822113e-06, instance: 
[1, 1, 1, 1, 1]
i: 6, Target: 0, n: 6, solution: True, time: 2.1349999999031866e-06, instance: 
[1, 1, 1, 1, 1, 1]
i: 7, Target: 0, n: 7, solution: True, time: 2.2319999999353968e-06, instance: 
[1, 1, 1, 1, 1, 1, 1]
i: 8, Target: 0, n: 8, solution: True, time: 2.30600000006298e-06, instance: 
[1, 1, 1, 1, 1, 1, 1, 1]
i: 9, Target: 0, n: 9, solution: True, time: 2.2299999999919606e-06, instance: 
[1, 1, 1, 1, 1, 1, 1, 1, 1]
i: 10, Target: 0, n: 10, solution: True, time: 2.3999999999579913e-06, instance: 
[1, 1, 1, 1, 1, 1, 1, 1, 1, 1]
i: 11, Target: 0, n: 11, solution: True, time: 2.445000000017572e-06, instance: 
[1, 1, 1, 1, 1, 1, 1, 1, 1, 1, 1]
i: 12, Target: 0, n: 12, solution: True, time: 2.541000000078064e-06, instance: 
[1, 1, 1, 1, 1, 1, 1, 1, 1, 1, 1, 1]
i: 13, Target: 0, n: 13, solution: True, time: 2.5980000000203063e-06, instance: 
[1, 1, 1, 1, 1, 1, 1, 1, 1, 1, 1, 1, 1]
i: 14, Target: 0, n: 14, solution: True, time: 2.6520000000473942e-06, instance: 
[1, 1, 1, 1, 1, 1, 1, 1, 1, 1, 1, 1, 1, 1]
i: 15, Target: 0, n: 15, solution: True, time: 2.70599999996346e-06, instance: 
[1, 1, 1, 1, 1, 1, 1, 1, 1, 1, 1, 1, 1, 1, 1]
i: 16, Target: 0, n: 16, solution: True, time: 2.78900000005855e-06, instance: 
[1, 1, 1, 1, 1, 1, 1, 1, 1, 1, 1, 1, 1, 1, 1, 1]
i: 17, Target: 0, n: 17, solution: True, time: 2.88500000000802e-06, instance: 
[1, 1, 1, 1, 1, 1, 1, 1, 1, 1, 1, 1, 1, 1, 1, 1, 1]
i: 18, Target: 0, n: 18, solution: True, time: 2.948000000002615e-06, instance: 
[1, 1, 1, 1, 1, 1, 1, 1, 1, 1, 1, 1, 1, 1, 1, 1, 1, 1]
i: 19, Target: 0, n: 19, solution: True, time: 2.973999999933419e-06, instance: 
[1, 1, 1, 1, 1, 1, 1, 1, 1, 1, 1, 1, 1, 1, 1, 1, 1, 1, 1]
i: 20, Target: 0, n: 20, solution: True, time: 3.1560000000041555e-06, instance: 
[1, 1, 1, 1, 1, 1, 1, 1, 1, 1, 1, 1, 1, 1, 1, 1, 1, 1, 1, 1]
i: 21, Target: 0, n: 21, solution: True, time: 3.179000000019805e-06, instance: 
[1, 1, 1, 1, 1, 1, 1, 1, 1, 1, 1, 1, 1, 1, 1, 1, 1, 1, 1, 1, 1]
i: 22, Target: 0, n: 22, solution: True, time: 3.3010000000111006e-06, instance: 
[1, 1, 1, 1, 1, 1, 1, 1, 1, 1, 1, 1, 1, 1, 1, 1, 1, 1, 1, 1, 1, 1]
i: 23, Target: 0, n: 23, solution: True, time: 3.3010000000111006e-06, instance: 
[1, 1, 1, 1, 1, 1, 1, 1, 1, 1, 1, 1, 1, 1, 1, 1, 1, 1, 1, 1, 1, 1, 1]
i: 24, Target: 0, n: 24, solution: True, time: 3.407000000010818e-06, instance: 
[1, 1, 1, 1, 1, 1, 1, 1, 1, 1, 1, 1, 1, 1, 1, 1, 1, 1, 1, 1, 1, 1, 1, 1]
i: 25, Target: 0, n: 25, solution: True, time: 3.489000000023168e-06, instance: 
[1, 1, 1, 1, 1, 1, 1, 1, 1, 1, 1, 1, 1, 1, 1, 1, 1, 1, 1, 1, 1, 1, 1, 1, 1]
i: 26, Target: 0, n: 26, solution: True, time: 3.611999999986182e-06, instance: 
[1, 1, 1, 1, 1, 1, 1, 1, 1, 1, 1, 1, 1, 1, 1, 1, 1, 1, 1, 1, 1, 1, 1, 1, 1, 1]
i: 27, Target: 0, n: 27, solution: True, time: 3.5689999999810595e-06, instance: 
[1, 1, 1, 1, 1, 1, 1, 1, 1, 1, 1, 1, 1, 1, 1, 1, 1, 1, 1, 1, 1, 1, 1, 1, 1, 1, 1]
i: 28, Target: 0, n: 28, solution: True, time: 3.6360000000845716e-06, instance: 
[1, 1, 1, 1, 1, 1, 1, 1, 1, 1, 1, 1, 1, 1, 1, 1, 1, 1, 1, 1, 1, 1, 1, 1, 1, 1, 1, 1]
i: 29, Target: 0, n: 29, solution: True, time: 3.721999999983794e-06, instance: 
[1, 1, 1, 1, 1, 1, 1, 1, 1, 1, 1, 1, 1, 1, 1, 1, 1, 1, 1, 1, 1, 1, 1, 1, 1, 1, 1, 1, 1]
i: 30, Target: 1, n: 20, solution: True, time: 4.5850000000013935e-06, instance: 
[1, 0, 0, 0, 0, 0, 0, 0, 0, 0, 0, 0, 0, 0, 0, 0, 0, 0, 0, 0]
i: 31, Target: 2, n: 20, solution: True, time: 4.161999999974242e-06, instance: 
[1, 1, 0, 0, 0, 0, 0, 0, 0, 0, 0, 0, 0, 0, 0, 0, 0, 0, 0, 0]
i: 32, Target: 3, n: 20, solution: True, time: 4.416999999978799e-06, instance: 
[1, 1, 1, 0, 0, 0, 0, 0, 0, 0, 0, 0, 0, 0, 0, 0, 0, 0, 0, 0]
i: 33, Target: 4, n: 20, solution: True, time: 4.467000000007992e-06, instance: 
[1, 1, 1, 1, 0, 0, 0, 0, 0, 0, 0, 0, 0, 0, 0, 0, 0, 0, 0, 0]
i: 34, Target: 5, n: 20, solution: True, time: 4.589999999971006e-06, instance: 
[1, 1, 1, 1, 1, 0, 0, 0, 0, 0, 0, 0, 0, 0, 0, 0, 0, 0, 0, 0]
i: 35, Target: 6, n: 20, solution: True, time: 5.587999999945303e-06, instance: 
[1, 1, 1, 1, 1, 1, 0, 0, 0, 0, 0, 0, 0, 0, 0, 0, 0, 0, 0, 0]
i: 36, Target: 7, n: 20, solution: True, time: 5.507000000015694e-06, instance: 
[1, 1, 1, 1, 1, 1, 1, 0, 0, 0, 0, 0, 0, 0, 0, 0, 0, 0, 0, 0]
i: 37, Target: 8, n: 20, solution: True, time: 8.078999999994174e-06, instance: 
[1, 1, 1, 1, 1, 1, 1, 1, 0, 0, 0, 0, 0, 0, 0, 0, 0, 0, 0, 0]
i: 38, Target: 9, n: 20, solution: True, time: 4.895000000004757e-06, instance: 
[1, 1, 1, 1, 1, 1, 1, 1, 1, 0, 0, 0, 0, 0, 0, 0, 0, 0, 0, 0]
i: 39, Target: 10, n: 20, solution: True, time: 4.678000000035709e-06, instance: 
[1, 1, 1, 1, 1, 1, 1, 1, 1, 1, 0, 0, 0, 0, 0, 0, 0, 0, 0, 0]
i: 40, Target: 11, n: 20, solution: True, time: 4.333999999994731e-06, instance: 
[1, 1, 1, 1, 1, 1, 1, 1, 1, 1, 1, 0, 0, 0, 0, 0, 0, 0, 0, 0]
i: 41, Target: 12, n: 20, solution: True, time: 5.368000000061102e-06, instance: 
[1, 1, 1, 1, 1, 1, 1, 1, 1, 1, 1, 1, 0, 0, 0, 0, 0, 0, 0, 0]
i: 42, Target: 13, n: 20, solution: True, time: 4.789999999976757e-06, instance: 
[1, 1, 1, 1, 1, 1, 1, 1, 1, 1, 1, 1, 1, 0, 0, 0, 0, 0, 0, 0]
i: 43, Target: 14, n: 20, solution: True, time: 4.478000000029958e-06, instance: 
[1, 1, 1, 1, 1, 1, 1, 1, 1, 1, 1, 1, 1, 1, 0, 0, 0, 0, 0, 0]
i: 44, Target: 15, n: 20, solution: True, time: 4.263000000004347e-06, instance: 
[1, 1, 1, 1, 1, 1, 1, 1, 1, 1, 1, 1, 1, 1, 1, 0, 0, 0, 0, 0]
i: 45, Target: 16, n: 20, solution: True, time: 4.05300000005937e-06, instance: 
[1, 1, 1, 1, 1, 1, 1, 1, 1, 1, 1, 1, 1, 1, 1, 1, 0, 0, 0, 0]
i: 46, Target: 17, n: 20, solution: True, time: 3.976000000016633e-06, instance: 
[1, 1, 1, 1, 1, 1, 1, 1, 1, 1, 1, 1, 1, 1, 1, 1, 1, 0, 0, 0]
i: 47, Target: 18, n: 20, solution: True, time: 3.909000000024143e-06, instance: 
[1, 1, 1, 1, 1, 1, 1, 1, 1, 1, 1, 1, 1, 1, 1, 1, 1, 1, 0, 0]
i: 48, Target: 19, n: 20, solution: True, time: 3.9250000000157215e-06, instance: 
[1, 1, 1, 1, 1, 1, 1, 1, 1, 1, 1, 1, 1, 1, 1, 1, 1, 1, 1, 0]
i: 49, Target: 20, n: 20, solution: True, time: 3.73899999994709e-06, instance: 
[1, 1, 1, 1, 1, 1, 1, 1, 1, 1, 1, 1, 1, 1, 1, 1, 1, 1, 1, 1]
i: 50, Target: 12500.0, n: 15, solution: True, time: 5.735999999978425e-06, instance: 
[9987, 8546, 8392, 6614, 5955, 4684, 4396, 3697, 2829, 1856, 1792, 1354, 1349, 51, 8]
i: 51, Target: 12750.0, n: 16, solution: True, time: 4.965999999995141e-06, instance: 
[8824, 7771, 7738, 7694, 6827, 6754, 6453, 6052, 4852, 3692, 2775, 2767, 2416, 2128, 234, 231]
i: 52, Target: 13000.0, n: 17, solution: True, time: 4.956000000055916e-06, instance: 
[9569, 8835, 7771, 7455, 7256, 6936, 6629, 6564, 6554, 6431, 6325, 6032, 5456, 4877, 4471, 3097, 2029]
i: 53, Target: 13250.0, n: 18, solution: True, time: 5.3209999999470625e-06, instance: 
[9880, 9211, 8629, 8439, 8342, 8257, 7562, 7450, 6718, 6273, 5986, 5541, 4969, 4294, 3721, 2106, 1760, 486]
i: 54, Target: 13500.0, n: 19, solution: True, time: 5.135999999961172e-06, instance: 
[9968, 9515, 9163, 7796, 7683, 7468, 6665, 6503, 6151, 5309, 4342, 3976, 3406, 2606, 1933, 1427, 1382, 1087, 1070]
i: 55, Target: 13750.0, n: 20, solution: True, time: 5.648000000024744e-06, instance: 
[8590, 8124, 7262, 6997, 6808, 6052, 5991, 5847, 5032, 4705, 4659, 4302, 3364, 3228, 3111, 3076, 2972, 1444, 925, 5]
i: 56, Target: 14000.0, n: 21, solution: True, time: 5.721999999930283e-06, instance: 
[9410, 9145, 9067, 8312, 8303, 8282, 7095, 6429, 6106, 5715, 5561, 5388, 5372, 5202, 4929, 4717, 4423, 3251, 3209, 1389, 431]
i: 57, Target: 14250.0, n: 22, solution: True, time: 6.053000000005859e-06, instance: 
[9967, 9953, 9604, 9586, 9387, 9118, 8853, 8843, 8252, 7802, 7679, 6566, 5482, 5107, 4948, 4706, 3676, 3103, 2789, 2238, 1348, 331]
i: 58, Target: 14500.0, n: 23, solution: True, time: 6.335999999995678e-06, instance: 
[9920, 9841, 8669, 8156, 7604, 6569, 6423, 6375, 5716, 5415, 4792, 4708, 4611, 3439, 2903, 2487, 2237, 1730, 1195, 1186, 1025, 240, 17]
i: 59, Target: 14750.0, n: 24, solution: True, time: 6.245999999987539e-06, instance: 
[9661, 9057, 8929, 8445, 8119, 7591, 7152, 7080, 5893, 4780, 4773, 4534, 3749, 3374, 2952, 2721, 2414, 2293, 1232, 752, 530, 268, 261, 95]
i: 60, Target: 15000.0, n: 25, solution: True, time: 6.524999999979464e-06, instance: 
[9721, 9457, 8238, 8169, 7914, 7624, 7459, 5393, 5319, 4869, 4257, 4174, 3966, 3549, 3421, 3415, 3135, 2726, 2630, 2280, 2050, 1816, 1138, 861, 58]
i: 61, Target: 15250.0, n: 26, solution: True, time: 6.866999999965984e-06, instance: 
[9756, 9711, 9555, 9442, 9195, 8751, 7145, 6947, 6793, 6225, 6142, 3836, 3830, 3560, 2971, 2859, 2812, 2767, 2442, 2392, 1746, 1446, 1278, 400, 377, 273]
i: 62, Target: 15500.0, n: 27, solution: True, time: 8.194999999933117e-06, instance: 
[9906, 9679, 9312, 9265, 8986, 8807, 8509, 8389, 7995, 7970, 7817, 7485, 7217, 6984, 6807, 6080, 5839, 5826, 5565, 4949, 3291, 3287, 2969, 2180, 1943, 1762, 436]
i: 63, Target: 15750.0, n: 28, solution: True, time: 1.1318999999954116e-05, instance: 
[9886, 9455, 9274, 8264, 7483, 7372, 7139, 6589, 6584, 6485, 5952, 5595, 5129, 5016, 4717, 4320, 3767, 3496, 3312, 2208, 1478, 1352, 1324, 942, 941, 808, 453, 68]
i: 64, Target: 16000.0, n: 29, solution: True, time: 8.473999999925041e-06, instance: 
[9427, 9039, 8600, 8291, 8249, 7976, 7889, 7412, 6458, 6278, 6063, 5751, 5530, 5379, 5191, 4315, 4300, 3196, 2903, 2844, 2677, 2552, 2303, 2152, 2072, 2004, 1129, 792, 698]
i: 65, Target: 6160, n: 15, solution: True, time: 4.937000000038161e-06, instance: 
[9721, 9526, 9329, 9024, 8317, 7871, 7804, 7446, 7056, 4978, 4429, 4325, 1724, 912, 302]
i: 66, Target: 9456, n: 16, solution: True, time: 4.300000000068138e-06, instance: 
[9721, 9526, 9329, 9024, 8317, 7871, 7804, 7446, 7056, 6160, 4978, 4429, 4325, 1724, 912, 302]
i: 67, Target: 4159, n: 17, solution: True, time: 4.430999999915919e-06, instance: 
[9721, 9526, 9456, 9329, 9024, 8317, 7871, 7804, 7446, 7056, 6160, 4978, 4429, 4325, 1724, 912, 302]
i: 68, Target: 2972, n: 18, solution: True, time: 4.298999999985398e-06, instance: 
[9721, 9526, 9456, 9329, 9024, 8317, 7871, 7804, 7446, 7056, 6160, 4978, 4429, 4325, 4159, 1724, 912, 302]
i: 69, Target: 8327, n: 19, solution: True, time: 4.12000000005186e-06, instance: 
[9721, 9526, 9456, 9329, 9024, 8317, 7871, 7804, 7446, 7056, 6160, 4978, 4429, 4325, 4159, 2972, 1724, 912, 302]
i: 70, Target: 3389, n: 20, solution: True, time: 4.624999999980339e-06, instance: 
[9721, 9526, 9456, 9329, 9024, 8327, 8317, 7871, 7804, 7446, 7056, 6160, 4978, 4429, 4325, 4159, 2972, 1724, 912, 302]
i: 71, Target: 4853, n: 21, solution: True, time: 4.6400000000001995e-06, instance: 
[9721, 9526, 9456, 9329, 9024, 8327, 8317, 7871, 7804, 7446, 7056, 6160, 4978, 4429, 4325, 4159, 3389, 2972, 1724, 912, 302]
i: 72, Target: 5516, n: 22, solution: True, time: 4.725000000038726e-06, instance: 
[9721, 9526, 9456, 9329, 9024, 8327, 8317, 7871, 7804, 7446, 7056, 6160, 4978, 4853, 4429, 4325, 4159, 3389, 2972, 1724, 912, 302]
i: 73, Target: 4262, n: 23, solution: True, time: 4.855000000025811e-06, instance: 
[9721, 9526, 9456, 9329, 9024, 8327, 8317, 7871, 7804, 7446, 7056, 6160, 5516, 4978, 4853, 4429, 4325, 4159, 3389, 2972, 1724, 912, 302]
i: 74, Target: 1646, n: 24, solution: True, time: 5.1610000000312795e-06, instance: 
[9721, 9526, 9456, 9329, 9024, 8327, 8317, 7871, 7804, 7446, 7056, 6160, 5516, 4978, 4853, 4429, 4325, 4262, 4159, 3389, 2972, 1724, 912, 302]
i: 75, Target: 7093, n: 25, solution: True, time: 4.922999999990019e-06, instance: 
[9721, 9526, 9456, 9329, 9024, 8327, 8317, 7871, 7804, 7446, 7056, 6160, 5516, 4978, 4853, 4429, 4325, 4262, 4159, 3389, 2972, 1724, 1646, 912, 302]
i: 76, Target: 3106, n: 26, solution: True, time: 5.096999999953944e-06, instance: 
[9721, 9526, 9456, 9329, 9024, 8327, 8317, 7871, 7804, 7446, 7093, 7056, 6160, 5516, 4978, 4853, 4429, 4325, 4262, 4159, 3389, 2972, 1724, 1646, 912, 302]
i: 77, Target: 6472, n: 27, solution: True, time: 5.181000000020752e-06, instance: 
[9721, 9526, 9456, 9329, 9024, 8327, 8317, 7871, 7804, 7446, 7093, 7056, 6160, 5516, 4978, 4853, 4429, 4325, 4262, 4159, 3389, 3106, 2972, 1724, 1646, 912, 302]
i: 78, Target: 8867, n: 28, solution: True, time: 5.597999999995551e-06, instance: 
[9721, 9526, 9456, 9329, 9024, 8327, 8317, 7871, 7804, 7446, 7093, 7056, 6472, 6160, 5516, 4978, 4853, 4429, 4325, 4262, 4159, 3389, 3106, 2972, 1724, 1646, 912, 302]
i: 79, Target: 6236, n: 29, solution: True, time: 2.3896000000078743e-05, instance: 
[9721, 9526, 9456, 9329, 9024, 8867, 8327, 8317, 7871, 7804, 7446, 7093, 7056, 6472, 6160, 5516, 4978, 4853, 4429, 4325, 4262, 4159, 3389, 3106, 2972, 1724, 1646, 912, 302]
i: 80, Target: 4230100566, n: 20, solution: True, time: 6.86999999999216e-06, instance: 
[4142384293, 3619574626, 3614463460, 3443012648, 3436353932, 3352306294, 2454120508, 2328827740, 2237519610, 1905165571, 1692611900, 1626492697, 1537529778, 1509390951, 1250881956, 865532988, 716709013, 582276472, 170530019, 94204160]
i: 81, Target: 277069428, n: 21, solution: True, time: 9.293000000076823e-06, instance: 
[4230100566, 4142384293, 3619574626, 3614463460, 3443012648, 3436353932, 3352306294, 2454120508, 2328827740, 2237519610, 1905165571, 1692611900, 1626492697, 1537529778, 1509390951, 1250881956, 865532988, 716709013, 582276472, 170530019, 94204160]
i: 82, Target: 2934241198, n: 22, solution: True, time: 1.3671000000048394e-05, instance: 
[4230100566, 4142384293, 3619574626, 3614463460, 3443012648, 3436353932, 3352306294, 2454120508, 2328827740, 2237519610, 1905165571, 1692611900, 1626492697, 1537529778, 1509390951, 1250881956, 865532988, 716709013, 582276472, 277069428, 170530019, 94204160]
i: 83, Target: 1696434625, n: 23, solution: True, time: 7.781000000095517e-06, instance: 
[4230100566, 4142384293, 3619574626, 3614463460, 3443012648, 3436353932, 3352306294, 2934241198, 2454120508, 2328827740, 2237519610, 1905165571, 1692611900, 1626492697, 1537529778, 1509390951, 1250881956, 865532988, 716709013, 582276472, 277069428, 170530019, 94204160]
i: 84, Target: 2633880204, n: 24, solution: True, time: 7.136999999990401e-06, instance: 
[4230100566, 4142384293, 3619574626, 3614463460, 3443012648, 3436353932, 3352306294, 2934241198, 2454120508, 2328827740, 2237519610, 1905165571, 1696434625, 1692611900, 1626492697, 1537529778, 1509390951, 1250881956, 865532988, 716709013, 582276472, 277069428, 170530019, 94204160]
i: 85, Target: 3273546516, n: 25, solution: True, time: 7.0030000000054216e-06, instance: 
[4230100566, 4142384293, 3619574626, 3614463460, 3443012648, 3436353932, 3352306294, 2934241198, 2633880204, 2454120508, 2328827740, 2237519610, 1905165571, 1696434625, 1692611900, 1626492697, 1537529778, 1509390951, 1250881956, 865532988, 716709013, 582276472, 277069428, 170530019, 94204160]
i: 86, Target: 2380910189, n: 26, solution: True, time: 8.083000000103091e-06, instance: 
[4230100566, 4142384293, 3619574626, 3614463460, 3443012648, 3436353932, 3352306294, 3273546516, 2934241198, 2633880204, 2454120508, 2328827740, 2237519610, 1905165571, 1696434625, 1692611900, 1626492697, 1537529778, 1509390951, 1250881956, 865532988, 716709013, 582276472, 277069428, 170530019, 94204160]
i: 87, Target: 598630825, n: 27, solution: True, time: 8.119999999944838e-06, instance: 
[4230100566, 4142384293, 3619574626, 3614463460, 3443012648, 3436353932, 3352306294, 3273546516, 2934241198, 2633880204, 2454120508, 2380910189, 2328827740, 2237519610, 1905165571, 1696434625, 1692611900, 1626492697, 1537529778, 1509390951, 1250881956, 865532988, 716709013, 582276472, 277069428, 170530019, 94204160]
i: 88, Target: 1503135148, n: 28, solution: True, time: 9.430999999948675e-06, instance: 
[4230100566, 4142384293, 3619574626, 3614463460, 3443012648, 3436353932, 3352306294, 3273546516, 2934241198, 2633880204, 2454120508, 2380910189, 2328827740, 2237519610, 1905165571, 1696434625, 1692611900, 1626492697, 1537529778, 1509390951, 1250881956, 865532988, 716709013, 598630825, 582276472, 277069428, 170530019, 94204160]
i: 89, Target: 3392306130, n: 29, solution: True, time: 1.146600000001552e-05, instance: 
[4230100566, 4142384293, 3619574626, 3614463460, 3443012648, 3436353932, 3352306294, 3273546516, 2934241198, 2633880204, 2454120508, 2380910189, 2328827740, 2237519610, 1905165571, 1696434625, 1692611900, 1626492697, 1537529778, 1509390951, 1503135148, 1250881956, 865532988, 716709013, 598630825, 582276472, 277069428, 170530019, 94204160]
i: 90, Target: 2656174599, n: 20, solution: True, time: 5.91900000002088e-06, instance: 
[4246594331, 3821274952, 3280302934, 3127730451, 3045530540, 2637195853, 2576356029, 2261005216, 2189456375, 2082907683, 1818475986, 1581793514, 1268208255, 1152136440, 949012997, 756235710, 704795942, 651262785, 290451668, 77808393]
i: 91, Target: 639031226, n: 21, solution: True, time: 6.059999999918908e-06, instance: 
[4246594331, 3821274952, 3280302934, 3127730451, 3045530540, 2656174599, 2637195853, 2576356029, 2261005216, 2189456375, 2082907683, 1818475986, 1581793514, 1268208255, 1152136440, 949012997, 756235710, 704795942, 651262785, 290451668, 77808393]
i: 92, Target: 1454769105, n: 22, solution: True, time: 6.039999999929435e-06, instance: 
[4246594331, 3821274952, 3280302934, 3127730451, 3045530540, 2656174599, 2637195853, 2576356029, 2261005216, 2189456375, 2082907683, 1818475986, 1581793514, 1268208255, 1152136440, 949012997, 756235710, 704795942, 651262785, 639031226, 290451668, 77808393]
i: 93, Target: 2291886844, n: 23, solution: True, time: 7.675999999956495e-06, instance: 
[4246594331, 3821274952, 3280302934, 3127730451, 3045530540, 2656174599, 2637195853, 2576356029, 2261005216, 2189456375, 2082907683, 1818475986, 1581793514, 1454769105, 1268208255, 1152136440, 949012997, 756235710, 704795942, 651262785, 639031226, 290451668, 77808393]
i: 94, Target: 2341456427, n: 24, solution: True, time: 7.5790000000353075e-06, instance: 
[4246594331, 3821274952, 3280302934, 3127730451, 3045530540, 2656174599, 2637195853, 2576356029, 2291886844, 2261005216, 2189456375, 2082907683, 1818475986, 1581793514, 1454769105, 1268208255, 1152136440, 949012997, 756235710, 704795942, 651262785, 639031226, 290451668, 77808393]
i: 95, Target: 1534876046, n: 25, solution: True, time: 7.170000000056298e-06, instance: 
[4246594331, 3821274952, 3280302934, 3127730451, 3045530540, 2656174599, 2637195853, 2576356029, 2341456427, 2291886844, 2261005216, 2189456375, 2082907683, 1818475986, 1581793514, 1454769105, 1268208255, 1152136440, 949012997, 756235710, 704795942, 651262785, 639031226, 290451668, 77808393]
i: 96, Target: 743183253, n: 26, solution: True, time: 1.2114999999979226e-05, instance: 
[4246594331, 3821274952, 3280302934, 3127730451, 3045530540, 2656174599, 2637195853, 2576356029, 2341456427, 2291886844, 2261005216, 2189456375, 2082907683, 1818475986, 1581793514, 1534876046, 1454769105, 1268208255, 1152136440, 949012997, 756235710, 704795942, 651262785, 639031226, 290451668, 77808393]
i: 97, Target: 3047575536, n: 27, solution: True, time: 1.2458999999909182e-05, instance: 
[4246594331, 3821274952, 3280302934, 3127730451, 3045530540, 2656174599, 2637195853, 2576356029, 2341456427, 2291886844, 2261005216, 2189456375, 2082907683, 1818475986, 1581793514, 1534876046, 1454769105, 1268208255, 1152136440, 949012997, 756235710, 743183253, 704795942, 651262785, 639031226, 290451668, 77808393]
i: 98, Target: 2284495503, n: 28, solution: True, time: 7.670999999986883e-06, instance: 
[4246594331, 3821274952, 3280302934, 3127730451, 3047575536, 3045530540, 2656174599, 2637195853, 2576356029, 2341456427, 2291886844, 2261005216, 2189456375, 2082907683, 1818475986, 1581793514, 1534876046, 1454769105, 1268208255, 1152136440, 949012997, 756235710, 743183253, 704795942, 651262785, 639031226, 290451668, 77808393]
i: 99, Target: 55914146, n: 29, solution: True, time: 8.526000000008693e-06, instance: 
[4246594331, 3821274952, 3280302934, 3127730451, 3047575536, 3045530540, 2656174599, 2637195853, 2576356029, 2341456427, 2291886844, 2284495503, 2261005216, 2189456375, 2082907683, 1818475986, 1581793514, 1534876046, 1454769105, 1268208255, 1152136440, 949012997, 756235710, 743183253, 704795942, 651262785, 639031226, 290451668, 77808393]
