i: 1, Target: 0, n: 1, solution: True, time: 2.685999999973987e-06, instance: 
[1]
i: 2, Target: 0, n: 2, solution: True, time: 2.1730000000497185e-06, instance: 
[1, 1]
i: 3, Target: 0, n: 3, solution: True, time: 1.7420000000267777e-06, instance: 
[1, 1, 1]
i: 4, Target: 0, n: 4, solution: True, time: 1.737000000057165e-06, instance: 
[1, 1, 1, 1]
i: 5, Target: 0, n: 5, solution: True, time: 1.4990000000159043e-06, instance: 
[1, 1, 1, 1, 1]
i: 6, Target: 0, n: 6, solution: True, time: 1.4689999999761838e-06, instance: 
[1, 1, 1, 1, 1, 1]
i: 7, Target: 0, n: 7, solution: True, time: 1.4459999999605344e-06, instance: 
[1, 1, 1, 1, 1, 1, 1]
i: 8, Target: 0, n: 8, solution: True, time: 1.4909999999090928e-06, instance: 
[1, 1, 1, 1, 1, 1, 1, 1]
i: 9, Target: 0, n: 9, solution: True, time: 1.4640000000065712e-06, instance: 
[1, 1, 1, 1, 1, 1, 1, 1, 1]
i: 10, Target: 0, n: 10, solution: True, time: 1.4179999999752724e-06, instance: 
[1, 1, 1, 1, 1, 1, 1, 1, 1, 1]
i: 11, Target: 0, n: 11, solution: True, time: 1.4409999999909218e-06, instance: 
[1, 1, 1, 1, 1, 1, 1, 1, 1, 1, 1]
i: 12, Target: 0, n: 12, solution: True, time: 1.4029999999554121e-06, instance: 
[1, 1, 1, 1, 1, 1, 1, 1, 1, 1, 1, 1]
i: 13, Target: 0, n: 13, solution: True, time: 1.4999999999876223e-06, instance: 
[1, 1, 1, 1, 1, 1, 1, 1, 1, 1, 1, 1, 1]
i: 14, Target: 0, n: 14, solution: True, time: 1.3979999999857995e-06, instance: 
[1, 1, 1, 1, 1, 1, 1, 1, 1, 1, 1, 1, 1, 1]
i: 15, Target: 0, n: 15, solution: True, time: 1.4579999999542181e-06, instance: 
[1, 1, 1, 1, 1, 1, 1, 1, 1, 1, 1, 1, 1, 1, 1]
i: 16, Target: 0, n: 16, solution: True, time: 1.4240000000276254e-06, instance: 
[1, 1, 1, 1, 1, 1, 1, 1, 1, 1, 1, 1, 1, 1, 1, 1]
i: 17, Target: 0, n: 17, solution: True, time: 1.4729999999740784e-06, instance: 
[1, 1, 1, 1, 1, 1, 1, 1, 1, 1, 1, 1, 1, 1, 1, 1, 1]
i: 18, Target: 0, n: 18, solution: True, time: 1.4579999999542181e-06, instance: 
[1, 1, 1, 1, 1, 1, 1, 1, 1, 1, 1, 1, 1, 1, 1, 1, 1, 1]
i: 19, Target: 0, n: 19, solution: True, time: 1.4180000000862947e-06, instance: 
[1, 1, 1, 1, 1, 1, 1, 1, 1, 1, 1, 1, 1, 1, 1, 1, 1, 1, 1]
i: 20, Target: 0, n: 20, solution: True, time: 1.5079999999834115e-06, instance: 
[1, 1, 1, 1, 1, 1, 1, 1, 1, 1, 1, 1, 1, 1, 1, 1, 1, 1, 1, 1]
i: 21, Target: 0, n: 21, solution: True, time: 1.5540000000147103e-06, instance: 
[1, 1, 1, 1, 1, 1, 1, 1, 1, 1, 1, 1, 1, 1, 1, 1, 1, 1, 1, 1, 1]
i: 22, Target: 0, n: 22, solution: True, time: 1.5500000000168157e-06, instance: 
[1, 1, 1, 1, 1, 1, 1, 1, 1, 1, 1, 1, 1, 1, 1, 1, 1, 1, 1, 1, 1, 1]
i: 23, Target: 0, n: 23, solution: True, time: 1.5130000000640464e-06, instance: 
[1, 1, 1, 1, 1, 1, 1, 1, 1, 1, 1, 1, 1, 1, 1, 1, 1, 1, 1, 1, 1, 1, 1]
i: 24, Target: 0, n: 24, solution: True, time: 1.4930000000745736e-06, instance: 
[1, 1, 1, 1, 1, 1, 1, 1, 1, 1, 1, 1, 1, 1, 1, 1, 1, 1, 1, 1, 1, 1, 1, 1]
i: 25, Target: 0, n: 25, solution: True, time: 1.7540000000204614e-06, instance: 
[1, 1, 1, 1, 1, 1, 1, 1, 1, 1, 1, 1, 1, 1, 1, 1, 1, 1, 1, 1, 1, 1, 1, 1, 1]
i: 26, Target: 0, n: 26, solution: True, time: 1.4980000000441862e-06, instance: 
[1, 1, 1, 1, 1, 1, 1, 1, 1, 1, 1, 1, 1, 1, 1, 1, 1, 1, 1, 1, 1, 1, 1, 1, 1, 1]
i: 27, Target: 0, n: 27, solution: True, time: 1.5359999999686735e-06, instance: 
[1, 1, 1, 1, 1, 1, 1, 1, 1, 1, 1, 1, 1, 1, 1, 1, 1, 1, 1, 1, 1, 1, 1, 1, 1, 1, 1]
i: 28, Target: 0, n: 28, solution: True, time: 1.4520000000128874e-06, instance: 
[1, 1, 1, 1, 1, 1, 1, 1, 1, 1, 1, 1, 1, 1, 1, 1, 1, 1, 1, 1, 1, 1, 1, 1, 1, 1, 1, 1]
i: 29, Target: 0, n: 29, solution: True, time: 1.4810000000808898e-06, instance: 
[1, 1, 1, 1, 1, 1, 1, 1, 1, 1, 1, 1, 1, 1, 1, 1, 1, 1, 1, 1, 1, 1, 1, 1, 1, 1, 1, 1, 1]
i: 30, Target: 1, n: 20, solution: True, time: 2.3800000000795407e-06, instance: 
[1, 0, 0, 0, 0, 0, 0, 0, 0, 0, 0, 0, 0, 0, 0, 0, 0, 0, 0, 0]
i: 31, Target: 2, n: 20, solution: True, time: 2.288000000016943e-06, instance: 
[1, 1, 0, 0, 0, 0, 0, 0, 0, 0, 0, 0, 0, 0, 0, 0, 0, 0, 0, 0]
i: 32, Target: 3, n: 20, solution: True, time: 2.6539999999908304e-06, instance: 
[1, 1, 1, 0, 0, 0, 0, 0, 0, 0, 0, 0, 0, 0, 0, 0, 0, 0, 0, 0]
i: 33, Target: 4, n: 20, solution: True, time: 2.9030000000540568e-06, instance: 
[1, 1, 1, 1, 0, 0, 0, 0, 0, 0, 0, 0, 0, 0, 0, 0, 0, 0, 0, 0]
i: 34, Target: 5, n: 20, solution: True, time: 3.112000000027315e-06, instance: 
[1, 1, 1, 1, 1, 0, 0, 0, 0, 0, 0, 0, 0, 0, 0, 0, 0, 0, 0, 0]
i: 35, Target: 6, n: 20, solution: True, time: 3.2370000000447874e-06, instance: 
[1, 1, 1, 1, 1, 1, 0, 0, 0, 0, 0, 0, 0, 0, 0, 0, 0, 0, 0, 0]
i: 36, Target: 7, n: 20, solution: True, time: 3.0479999999499796e-06, instance: 
[1, 1, 1, 1, 1, 1, 1, 0, 0, 0, 0, 0, 0, 0, 0, 0, 0, 0, 0, 0]
i: 37, Target: 8, n: 20, solution: True, time: 3.3470000000423994e-06, instance: 
[1, 1, 1, 1, 1, 1, 1, 1, 0, 0, 0, 0, 0, 0, 0, 0, 0, 0, 0, 0]
i: 38, Target: 9, n: 20, solution: True, time: 3.3120000000330663e-06, instance: 
[1, 1, 1, 1, 1, 1, 1, 1, 1, 0, 0, 0, 0, 0, 0, 0, 0, 0, 0, 0]
i: 39, Target: 10, n: 20, solution: True, time: 3.509999999984359e-06, instance: 
[1, 1, 1, 1, 1, 1, 1, 1, 1, 1, 0, 0, 0, 0, 0, 0, 0, 0, 0, 0]
i: 40, Target: 11, n: 20, solution: True, time: 3.324999999998468e-06, instance: 
[1, 1, 1, 1, 1, 1, 1, 1, 1, 1, 1, 0, 0, 0, 0, 0, 0, 0, 0, 0]
i: 41, Target: 12, n: 20, solution: True, time: 3.5280000000303957e-06, instance: 
[1, 1, 1, 1, 1, 1, 1, 1, 1, 1, 1, 1, 0, 0, 0, 0, 0, 0, 0, 0]
i: 42, Target: 13, n: 20, solution: True, time: 3.5000000000451337e-06, instance: 
[1, 1, 1, 1, 1, 1, 1, 1, 1, 1, 1, 1, 1, 0, 0, 0, 0, 0, 0, 0]
i: 43, Target: 14, n: 20, solution: True, time: 3.5040000000430283e-06, instance: 
[1, 1, 1, 1, 1, 1, 1, 1, 1, 1, 1, 1, 1, 1, 0, 0, 0, 0, 0, 0]
i: 44, Target: 15, n: 20, solution: True, time: 3.5879999999988144e-06, instance: 
[1, 1, 1, 1, 1, 1, 1, 1, 1, 1, 1, 1, 1, 1, 1, 0, 0, 0, 0, 0]
i: 45, Target: 16, n: 20, solution: True, time: 3.5590000000418343e-06, instance: 
[1, 1, 1, 1, 1, 1, 1, 1, 1, 1, 1, 1, 1, 1, 1, 1, 0, 0, 0, 0]
i: 46, Target: 17, n: 20, solution: True, time: 3.682000000004848e-06, instance: 
[1, 1, 1, 1, 1, 1, 1, 1, 1, 1, 1, 1, 1, 1, 1, 1, 1, 0, 0, 0]
i: 47, Target: 18, n: 20, solution: True, time: 3.8140000000463914e-06, instance: 
[1, 1, 1, 1, 1, 1, 1, 1, 1, 1, 1, 1, 1, 1, 1, 1, 1, 1, 0, 0]
i: 48, Target: 19, n: 20, solution: True, time: 3.950999999946525e-06, instance: 
[1, 1, 1, 1, 1, 1, 1, 1, 1, 1, 1, 1, 1, 1, 1, 1, 1, 1, 1, 0]
i: 49, Target: 20, n: 20, solution: True, time: 3.945000000005194e-06, instance: 
[1, 1, 1, 1, 1, 1, 1, 1, 1, 1, 1, 1, 1, 1, 1, 1, 1, 1, 1, 1]
i: 50, Target: 12500.0, n: 15, solution: True, time: 5.415999999924814e-06, instance: 
[9884, 9227, 8418, 6394, 5700, 4613, 4557, 4361, 4282, 4160, 3755, 3280, 2456, 1576, 52]
i: 51, Target: 12750.0, n: 16, solution: True, time: 2.5635000000079344e-05, instance: 
[9946, 9064, 6125, 5693, 5091, 4418, 3462, 3162, 2924, 2689, 2229, 1443, 1395, 1291, 139, 138]
i: 52, Target: 13000.0, n: 17, solution: True, time: 3.1730000000007585e-05, instance: 
[9624, 8538, 7134, 6900, 6297, 5725, 4836, 4008, 3226, 3127, 2769, 2338, 2093, 2076, 1565, 1206, 552]
i: 53, Target: 13250.0, n: 18, solution: True, time: 9.268000000006715e-06, instance: 
[9237, 8450, 7323, 7150, 6862, 6819, 6166, 5715, 5566, 5543, 5169, 4293, 3520, 3174, 2735, 1400, 746, 400]
i: 54, Target: 13500.0, n: 19, solution: True, time: 7.261000000036155e-06, instance: 
[9487, 8543, 8447, 8199, 7952, 7876, 7765, 7405, 7304, 7178, 6563, 4389, 3593, 3379, 2739, 1743, 1350, 622, 172]
i: 55, Target: 13750.0, n: 20, solution: True, time: 6.469999999980658e-06, instance: 
[9519, 9074, 8794, 8130, 8005, 7985, 6927, 6793, 5868, 5731, 5185, 4771, 4066, 4053, 3597, 2871, 1722, 1592, 1413, 1206]
i: 56, Target: 14000.0, n: 21, solution: True, time: 6.344999999963186e-06, instance: 
[9880, 9152, 9065, 7792, 6627, 6091, 5451, 5424, 5247, 4776, 4506, 4177, 4055, 3581, 3448, 2006, 1665, 1185, 740, 570, 94]
i: 57, Target: 14250.0, n: 22, solution: True, time: 6.355999999985151e-06, instance: 
[9845, 9822, 8550, 8012, 7977, 7968, 7336, 7162, 6157, 6135, 5523, 4997, 4962, 4292, 3900, 3377, 2998, 2380, 2377, 775, 751, 320]
i: 58, Target: 14500.0, n: 23, solution: True, time: 6.795000000003881e-06, instance: 
[9751, 9588, 9435, 8800, 7976, 7030, 6954, 6931, 6735, 6484, 6329, 4141, 3378, 3226, 3110, 2427, 1977, 1721, 892, 885, 842, 580, 393]
i: 59, Target: 14750.0, n: 24, solution: True, time: 6.790000000034269e-06, instance: 
[9949, 9901, 9410, 9359, 8924, 8720, 8494, 7443, 7205, 7193, 6899, 6315, 6174, 5680, 5635, 4560, 4420, 4291, 3395, 2160, 1492, 1412, 389, 158]
i: 60, Target: 15000.0, n: 25, solution: True, time: 6.938999999928086e-06, instance: 
[9889, 9834, 9806, 8393, 8275, 7952, 7847, 6707, 6022, 4566, 4501, 3888, 3632, 3610, 3375, 2574, 1712, 1611, 1331, 1002, 962, 823, 340, 327, 189]
i: 61, Target: 15250.0, n: 26, solution: True, time: 7.030999999990684e-06, instance: 
[9945, 9675, 9404, 9308, 8849, 8710, 8669, 8407, 6735, 6155, 5924, 5315, 4897, 4801, 4753, 4570, 3936, 3383, 2822, 2618, 1483, 1251, 1145, 817, 620, 246]
i: 62, Target: 15500.0, n: 27, solution: True, time: 7.301999999986819e-06, instance: 
[9886, 9525, 8991, 8793, 8452, 8362, 7240, 6708, 6232, 5887, 5348, 5280, 5260, 4771, 4760, 4591, 4311, 3911, 3491, 3295, 2700, 2681, 1741, 1695, 1365, 1141, 179]
i: 63, Target: 15750.0, n: 28, solution: True, time: 7.513000000014536e-06, instance: 
[9693, 9325, 8556, 7731, 7649, 7468, 7130, 6610, 6216, 5754, 5322, 5177, 5124, 5111, 4848, 4439, 4097, 3714, 3698, 3662, 3620, 3266, 3061, 2955, 1619, 1272, 641, 36]
i: 64, Target: 16000.0, n: 29, solution: True, time: 7.493000000025063e-06, instance: 
[9643, 9504, 9124, 9068, 8536, 8375, 8323, 7254, 6709, 6409, 6142, 6066, 6055, 5928, 4586, 4324, 3998, 3995, 3614, 3582, 3577, 3446, 2218, 2102, 1297, 1278, 1204, 835, 307]
i: 65, Target: 6160, n: 15, solution: True, time: 4.278999999995925e-06, instance: 
[9721, 9526, 9329, 9024, 8317, 7871, 7804, 7446, 7056, 4978, 4429, 4325, 1724, 912, 302]
i: 66, Target: 9456, n: 16, solution: True, time: 4.036000000096074e-06, instance: 
[9721, 9526, 9329, 9024, 8317, 7871, 7804, 7446, 7056, 6160, 4978, 4429, 4325, 1724, 912, 302]
i: 67, Target: 4159, n: 17, solution: True, time: 4.3100000000073635e-06, instance: 
[9721, 9526, 9456, 9329, 9024, 8317, 7871, 7804, 7446, 7056, 6160, 4978, 4429, 4325, 1724, 912, 302]
i: 68, Target: 2972, n: 18, solution: True, time: 4.335999999938167e-06, instance: 
[9721, 9526, 9456, 9329, 9024, 8317, 7871, 7804, 7446, 7056, 6160, 4978, 4429, 4325, 4159, 1724, 912, 302]
i: 69, Target: 8327, n: 19, solution: True, time: 6.076999999993227e-06, instance: 
[9721, 9526, 9456, 9329, 9024, 8317, 7871, 7804, 7446, 7056, 6160, 4978, 4429, 4325, 4159, 2972, 1724, 912, 302]
i: 70, Target: 3389, n: 20, solution: True, time: 4.596000000023359e-06, instance: 
[9721, 9526, 9456, 9329, 9024, 8327, 8317, 7871, 7804, 7446, 7056, 6160, 4978, 4429, 4325, 4159, 2972, 1724, 912, 302]
i: 71, Target: 4853, n: 21, solution: True, time: 5.798000000001302e-06, instance: 
[9721, 9526, 9456, 9329, 9024, 8327, 8317, 7871, 7804, 7446, 7056, 6160, 4978, 4429, 4325, 4159, 3389, 2972, 1724, 912, 302]
i: 72, Target: 5516, n: 22, solution: True, time: 1.167999999995839e-05, instance: 
[9721, 9526, 9456, 9329, 9024, 8327, 8317, 7871, 7804, 7446, 7056, 6160, 4978, 4853, 4429, 4325, 4159, 3389, 2972, 1724, 912, 302]
i: 73, Target: 4262, n: 23, solution: True, time: 5.743999999974214e-06, instance: 
[9721, 9526, 9456, 9329, 9024, 8327, 8317, 7871, 7804, 7446, 7056, 6160, 5516, 4978, 4853, 4429, 4325, 4159, 3389, 2972, 1724, 912, 302]
i: 74, Target: 1646, n: 24, solution: True, time: 2.5202000000001945e-05, instance: 
[9721, 9526, 9456, 9329, 9024, 8327, 8317, 7871, 7804, 7446, 7056, 6160, 5516, 4978, 4853, 4429, 4325, 4262, 4159, 3389, 2972, 1724, 912, 302]
i: 75, Target: 7093, n: 25, solution: True, time: 6.103000000035053e-06, instance: 
[9721, 9526, 9456, 9329, 9024, 8327, 8317, 7871, 7804, 7446, 7056, 6160, 5516, 4978, 4853, 4429, 4325, 4262, 4159, 3389, 2972, 1724, 1646, 912, 302]
i: 76, Target: 3106, n: 26, solution: True, time: 5.8760000000157575e-06, instance: 
[9721, 9526, 9456, 9329, 9024, 8327, 8317, 7871, 7804, 7446, 7093, 7056, 6160, 5516, 4978, 4853, 4429, 4325, 4262, 4159, 3389, 2972, 1724, 1646, 912, 302]
i: 77, Target: 6472, n: 27, solution: True, time: 6.105999999950207e-06, instance: 
[9721, 9526, 9456, 9329, 9024, 8327, 8317, 7871, 7804, 7446, 7093, 7056, 6160, 5516, 4978, 4853, 4429, 4325, 4262, 4159, 3389, 3106, 2972, 1724, 1646, 912, 302]
i: 78, Target: 8867, n: 28, solution: True, time: 6.29599999990571e-06, instance: 
[9721, 9526, 9456, 9329, 9024, 8327, 8317, 7871, 7804, 7446, 7093, 7056, 6472, 6160, 5516, 4978, 4853, 4429, 4325, 4262, 4159, 3389, 3106, 2972, 1724, 1646, 912, 302]
i: 79, Target: 6236, n: 29, solution: True, time: 6.159000000005577e-06, instance: 
[9721, 9526, 9456, 9329, 9024, 8867, 8327, 8317, 7871, 7804, 7446, 7093, 7056, 6472, 6160, 5516, 4978, 4853, 4429, 4325, 4262, 4159, 3389, 3106, 2972, 1724, 1646, 912, 302]
i: 80, Target: 4230100566, n: 20, solution: True, time: 5.860999999995897e-06, instance: 
[4142384293, 3619574626, 3614463460, 3443012648, 3436353932, 3352306294, 2454120508, 2328827740, 2237519610, 1905165571, 1692611900, 1626492697, 1537529778, 1509390951, 1250881956, 865532988, 716709013, 582276472, 170530019, 94204160]
i: 81, Target: 277069428, n: 21, solution: True, time: 5.800999999916456e-06, instance: 
[4230100566, 4142384293, 3619574626, 3614463460, 3443012648, 3436353932, 3352306294, 2454120508, 2328827740, 2237519610, 1905165571, 1692611900, 1626492697, 1537529778, 1509390951, 1250881956, 865532988, 716709013, 582276472, 170530019, 94204160]
i: 82, Target: 2934241198, n: 22, solution: True, time: 5.990000000011264e-06, instance: 
[4230100566, 4142384293, 3619574626, 3614463460, 3443012648, 3436353932, 3352306294, 2454120508, 2328827740, 2237519610, 1905165571, 1692611900, 1626492697, 1537529778, 1509390951, 1250881956, 865532988, 716709013, 582276472, 277069428, 170530019, 94204160]
i: 83, Target: 1696434625, n: 23, solution: True, time: 2.7997000000001826e-05, instance: 
[4230100566, 4142384293, 3619574626, 3614463460, 3443012648, 3436353932, 3352306294, 2934241198, 2454120508, 2328827740, 2237519610, 1905165571, 1692611900, 1626492697, 1537529778, 1509390951, 1250881956, 865532988, 716709013, 582276472, 277069428, 170530019, 94204160]
i: 84, Target: 2633880204, n: 24, solution: True, time: 8.278000000028207e-06, instance: 
[4230100566, 4142384293, 3619574626, 3614463460, 3443012648, 3436353932, 3352306294, 2934241198, 2454120508, 2328827740, 2237519610, 1905165571, 1696434625, 1692611900, 1626492697, 1537529778, 1509390951, 1250881956, 865532988, 716709013, 582276472, 277069428, 170530019, 94204160]
i: 85, Target: 3273546516, n: 25, solution: True, time: 7.468000000065977e-06, instance: 
[4230100566, 4142384293, 3619574626, 3614463460, 3443012648, 3436353932, 3352306294, 2934241198, 2633880204, 2454120508, 2328827740, 2237519610, 1905165571, 1696434625, 1692611900, 1626492697, 1537529778, 1509390951, 1250881956, 865532988, 716709013, 582276472, 277069428, 170530019, 94204160]
i: 86, Target: 2380910189, n: 26, solution: True, time: 1.3582000000011973e-05, instance: 
[4230100566, 4142384293, 3619574626, 3614463460, 3443012648, 3436353932, 3352306294, 3273546516, 2934241198, 2633880204, 2454120508, 2328827740, 2237519610, 1905165571, 1696434625, 1692611900, 1626492697, 1537529778, 1509390951, 1250881956, 865532988, 716709013, 582276472, 277069428, 170530019, 94204160]
i: 87, Target: 598630825, n: 27, solution: True, time: 7.225000000055104e-06, instance: 
[4230100566, 4142384293, 3619574626, 3614463460, 3443012648, 3436353932, 3352306294, 3273546516, 2934241198, 2633880204, 2454120508, 2380910189, 2328827740, 2237519610, 1905165571, 1696434625, 1692611900, 1626492697, 1537529778, 1509390951, 1250881956, 865532988, 716709013, 582276472, 277069428, 170530019, 94204160]
i: 88, Target: 1503135148, n: 28, solution: True, time: 2.177000000003204e-05, instance: 
[4230100566, 4142384293, 3619574626, 3614463460, 3443012648, 3436353932, 3352306294, 3273546516, 2934241198, 2633880204, 2454120508, 2380910189, 2328827740, 2237519610, 1905165571, 1696434625, 1692611900, 1626492697, 1537529778, 1509390951, 1250881956, 865532988, 716709013, 598630825, 582276472, 277069428, 170530019, 94204160]
i: 89, Target: 3392306130, n: 29, solution: True, time: 8.704000000081535e-06, instance: 
[4230100566, 4142384293, 3619574626, 3614463460, 3443012648, 3436353932, 3352306294, 3273546516, 2934241198, 2633880204, 2454120508, 2380910189, 2328827740, 2237519610, 1905165571, 1696434625, 1692611900, 1626492697, 1537529778, 1509390951, 1503135148, 1250881956, 865532988, 716709013, 598630825, 582276472, 277069428, 170530019, 94204160]
i: 90, Target: 2656174599, n: 20, solution: True, time: 6.1239999999962436e-06, instance: 
[4246594331, 3821274952, 3280302934, 3127730451, 3045530540, 2637195853, 2576356029, 2261005216, 2189456375, 2082907683, 1818475986, 1581793514, 1268208255, 1152136440, 949012997, 756235710, 704795942, 651262785, 290451668, 77808393]
i: 91, Target: 639031226, n: 21, solution: True, time: 9.557000000048888e-06, instance: 
[4246594331, 3821274952, 3280302934, 3127730451, 3045530540, 2656174599, 2637195853, 2576356029, 2261005216, 2189456375, 2082907683, 1818475986, 1581793514, 1268208255, 1152136440, 949012997, 756235710, 704795942, 651262785, 290451668, 77808393]
i: 92, Target: 1454769105, n: 22, solution: True, time: 1.0211999999953925e-05, instance: 
[4246594331, 3821274952, 3280302934, 3127730451, 3045530540, 2656174599, 2637195853, 2576356029, 2261005216, 2189456375, 2082907683, 1818475986, 1581793514, 1268208255, 1152136440, 949012997, 756235710, 704795942, 651262785, 639031226, 290451668, 77808393]
i: 93, Target: 2291886844, n: 23, solution: True, time: 9.613000000019412e-06, instance: 
[4246594331, 3821274952, 3280302934, 3127730451, 3045530540, 2656174599, 2637195853, 2576356029, 2261005216, 2189456375, 2082907683, 1818475986, 1581793514, 1454769105, 1268208255, 1152136440, 949012997, 756235710, 704795942, 651262785, 639031226, 290451668, 77808393]
i: 94, Target: 2341456427, n: 24, solution: True, time: 1.0807000000001565e-05, instance: 
[4246594331, 3821274952, 3280302934, 3127730451, 3045530540, 2656174599, 2637195853, 2576356029, 2291886844, 2261005216, 2189456375, 2082907683, 1818475986, 1581793514, 1454769105, 1268208255, 1152136440, 949012997, 756235710, 704795942, 651262785, 639031226, 290451668, 77808393]
i: 95, Target: 1534876046, n: 25, solution: True, time: 9.416000000039837e-06, instance: 
[4246594331, 3821274952, 3280302934, 3127730451, 3045530540, 2656174599, 2637195853, 2576356029, 2341456427, 2291886844, 2261005216, 2189456375, 2082907683, 1818475986, 1581793514, 1454769105, 1268208255, 1152136440, 949012997, 756235710, 704795942, 651262785, 639031226, 290451668, 77808393]
i: 96, Target: 743183253, n: 26, solution: True, time: 2.0333000000039014e-05, instance: 
[4246594331, 3821274952, 3280302934, 3127730451, 3045530540, 2656174599, 2637195853, 2576356029, 2341456427, 2291886844, 2261005216, 2189456375, 2082907683, 1818475986, 1581793514, 1534876046, 1454769105, 1268208255, 1152136440, 949012997, 756235710, 704795942, 651262785, 639031226, 290451668, 77808393]
i: 97, Target: 3047575536, n: 27, solution: True, time: 1.0965000000084935e-05, instance: 
[4246594331, 3821274952, 3280302934, 3127730451, 3045530540, 2656174599, 2637195853, 2576356029, 2341456427, 2291886844, 2261005216, 2189456375, 2082907683, 1818475986, 1581793514, 1534876046, 1454769105, 1268208255, 1152136440, 949012997, 756235710, 743183253, 704795942, 651262785, 639031226, 290451668, 77808393]
i: 98, Target: 2284495503, n: 28, solution: True, time: 8.883999999986791e-06, instance: 
[4246594331, 3821274952, 3280302934, 3127730451, 3047575536, 3045530540, 2656174599, 2637195853, 2576356029, 2341456427, 2291886844, 2261005216, 2189456375, 2082907683, 1818475986, 1581793514, 1534876046, 1454769105, 1268208255, 1152136440, 949012997, 756235710, 743183253, 704795942, 651262785, 639031226, 290451668, 77808393]
i: 99, Target: 55914146, n: 29, solution: True, time: 8.007000000032072e-06, instance: 
[4246594331, 3821274952, 3280302934, 3127730451, 3047575536, 3045530540, 2656174599, 2637195853, 2576356029, 2341456427, 2291886844, 2284495503, 2261005216, 2189456375, 2082907683, 1818475986, 1581793514, 1534876046, 1454769105, 1268208255, 1152136440, 949012997, 756235710, 743183253, 704795942, 651262785, 639031226, 290451668, 77808393]
