i: 1, Target: 0, n: 1, solution: True, time: 2.4159999999495696e-06, instance: 
[1]
i: 2, Target: 0, n: 2, solution: True, time: 2.1040000000027703e-06, instance: 
[1, 1]
i: 3, Target: 0, n: 3, solution: True, time: 1.7839999999491596e-06, instance: 
[1, 1, 1]
i: 4, Target: 0, n: 4, solution: True, time: 1.5459999999078988e-06, instance: 
[1, 1, 1, 1]
i: 5, Target: 0, n: 5, solution: True, time: 1.6339999999726018e-06, instance: 
[1, 1, 1, 1, 1]
i: 6, Target: 0, n: 6, solution: True, time: 1.518000000033659e-06, instance: 
[1, 1, 1, 1, 1, 1]
i: 7, Target: 0, n: 7, solution: True, time: 1.482000000052608e-06, instance: 
[1, 1, 1, 1, 1, 1, 1]
i: 8, Target: 0, n: 8, solution: True, time: 1.5890000000240434e-06, instance: 
[1, 1, 1, 1, 1, 1, 1, 1]
i: 9, Target: 0, n: 9, solution: True, time: 1.511999999981306e-06, instance: 
[1, 1, 1, 1, 1, 1, 1, 1, 1]
i: 10, Target: 0, n: 10, solution: True, time: 1.4999999999876223e-06, instance: 
[1, 1, 1, 1, 1, 1, 1, 1, 1, 1]
i: 11, Target: 0, n: 11, solution: True, time: 1.4520000000128874e-06, instance: 
[1, 1, 1, 1, 1, 1, 1, 1, 1, 1, 1]
i: 12, Target: 0, n: 12, solution: True, time: 1.4419999999626398e-06, instance: 
[1, 1, 1, 1, 1, 1, 1, 1, 1, 1, 1, 1]
i: 13, Target: 0, n: 13, solution: True, time: 2.4020000000124497e-06, instance: 
[1, 1, 1, 1, 1, 1, 1, 1, 1, 1, 1, 1, 1]
i: 14, Target: 0, n: 14, solution: True, time: 2.080999999987121e-06, instance: 
[1, 1, 1, 1, 1, 1, 1, 1, 1, 1, 1, 1, 1, 1]
i: 15, Target: 0, n: 15, solution: True, time: 1.7620000000162506e-06, instance: 
[1, 1, 1, 1, 1, 1, 1, 1, 1, 1, 1, 1, 1, 1, 1]
i: 16, Target: 0, n: 16, solution: True, time: 1.628000000031271e-06, instance: 
[1, 1, 1, 1, 1, 1, 1, 1, 1, 1, 1, 1, 1, 1, 1, 1]
i: 17, Target: 0, n: 17, solution: True, time: 1.599000000074291e-06, instance: 
[1, 1, 1, 1, 1, 1, 1, 1, 1, 1, 1, 1, 1, 1, 1, 1, 1]
i: 18, Target: 0, n: 18, solution: True, time: 1.503999999985517e-06, instance: 
[1, 1, 1, 1, 1, 1, 1, 1, 1, 1, 1, 1, 1, 1, 1, 1, 1, 1]
i: 19, Target: 0, n: 19, solution: True, time: 1.5210000000598356e-06, instance: 
[1, 1, 1, 1, 1, 1, 1, 1, 1, 1, 1, 1, 1, 1, 1, 1, 1, 1, 1]
i: 20, Target: 0, n: 20, solution: True, time: 1.5169999999509187e-06, instance: 
[1, 1, 1, 1, 1, 1, 1, 1, 1, 1, 1, 1, 1, 1, 1, 1, 1, 1, 1, 1]
i: 21, Target: 0, n: 21, solution: True, time: 2.5889999999417768e-06, instance: 
[1, 1, 1, 1, 1, 1, 1, 1, 1, 1, 1, 1, 1, 1, 1, 1, 1, 1, 1, 1, 1]
i: 22, Target: 0, n: 22, solution: True, time: 1.9540000000262125e-06, instance: 
[1, 1, 1, 1, 1, 1, 1, 1, 1, 1, 1, 1, 1, 1, 1, 1, 1, 1, 1, 1, 1, 1]
i: 23, Target: 0, n: 23, solution: True, time: 1.7700000000120397e-06, instance: 
[1, 1, 1, 1, 1, 1, 1, 1, 1, 1, 1, 1, 1, 1, 1, 1, 1, 1, 1, 1, 1, 1, 1]
i: 24, Target: 0, n: 24, solution: True, time: 1.7709999999837578e-06, instance: 
[1, 1, 1, 1, 1, 1, 1, 1, 1, 1, 1, 1, 1, 1, 1, 1, 1, 1, 1, 1, 1, 1, 1, 1]
i: 25, Target: 0, n: 25, solution: True, time: 1.74599999991365e-06, instance: 
[1, 1, 1, 1, 1, 1, 1, 1, 1, 1, 1, 1, 1, 1, 1, 1, 1, 1, 1, 1, 1, 1, 1, 1, 1]
i: 26, Target: 0, n: 26, solution: True, time: 1.6980000000499373e-06, instance: 
[1, 1, 1, 1, 1, 1, 1, 1, 1, 1, 1, 1, 1, 1, 1, 1, 1, 1, 1, 1, 1, 1, 1, 1, 1, 1]
i: 27, Target: 0, n: 27, solution: True, time: 1.5540000000147103e-06, instance: 
[1, 1, 1, 1, 1, 1, 1, 1, 1, 1, 1, 1, 1, 1, 1, 1, 1, 1, 1, 1, 1, 1, 1, 1, 1, 1, 1]
i: 28, Target: 0, n: 28, solution: True, time: 1.6579999999599693e-06, instance: 
[1, 1, 1, 1, 1, 1, 1, 1, 1, 1, 1, 1, 1, 1, 1, 1, 1, 1, 1, 1, 1, 1, 1, 1, 1, 1, 1, 1]
i: 29, Target: 0, n: 29, solution: True, time: 1.532999999942497e-06, instance: 
[1, 1, 1, 1, 1, 1, 1, 1, 1, 1, 1, 1, 1, 1, 1, 1, 1, 1, 1, 1, 1, 1, 1, 1, 1, 1, 1, 1, 1]
i: 30, Target: 1, n: 20, solution: True, time: 2.3170000000849456e-06, instance: 
[1, 0, 0, 0, 0, 0, 0, 0, 0, 0, 0, 0, 0, 0, 0, 0, 0, 0, 0, 0]
i: 31, Target: 2, n: 20, solution: True, time: 2.1470000000078926e-06, instance: 
[1, 1, 0, 0, 0, 0, 0, 0, 0, 0, 0, 0, 0, 0, 0, 0, 0, 0, 0, 0]
i: 32, Target: 3, n: 20, solution: True, time: 2.5929999999396713e-06, instance: 
[1, 1, 1, 0, 0, 0, 0, 0, 0, 0, 0, 0, 0, 0, 0, 0, 0, 0, 0, 0]
i: 33, Target: 4, n: 20, solution: True, time: 2.7100000000723767e-06, instance: 
[1, 1, 1, 1, 0, 0, 0, 0, 0, 0, 0, 0, 0, 0, 0, 0, 0, 0, 0, 0]
i: 34, Target: 5, n: 20, solution: True, time: 2.9510000000287917e-06, instance: 
[1, 1, 1, 1, 1, 0, 0, 0, 0, 0, 0, 0, 0, 0, 0, 0, 0, 0, 0, 0]
i: 35, Target: 6, n: 20, solution: True, time: 3.070999999965629e-06, instance: 
[1, 1, 1, 1, 1, 1, 0, 0, 0, 0, 0, 0, 0, 0, 0, 0, 0, 0, 0, 0]
i: 36, Target: 7, n: 20, solution: True, time: 2.960999999968017e-06, instance: 
[1, 1, 1, 1, 1, 1, 1, 0, 0, 0, 0, 0, 0, 0, 0, 0, 0, 0, 0, 0]
i: 37, Target: 8, n: 20, solution: True, time: 3.208999999948503e-06, instance: 
[1, 1, 1, 1, 1, 1, 1, 1, 0, 0, 0, 0, 0, 0, 0, 0, 0, 0, 0, 0]
i: 38, Target: 9, n: 20, solution: True, time: 3.1219999999665404e-06, instance: 
[1, 1, 1, 1, 1, 1, 1, 1, 1, 0, 0, 0, 0, 0, 0, 0, 0, 0, 0, 0]
i: 39, Target: 10, n: 20, solution: True, time: 3.2209999999421868e-06, instance: 
[1, 1, 1, 1, 1, 1, 1, 1, 1, 1, 0, 0, 0, 0, 0, 0, 0, 0, 0, 0]
i: 40, Target: 11, n: 20, solution: True, time: 3.3879999999930632e-06, instance: 
[1, 1, 1, 1, 1, 1, 1, 1, 1, 1, 1, 0, 0, 0, 0, 0, 0, 0, 0, 0]
i: 41, Target: 12, n: 20, solution: True, time: 3.3839999999951687e-06, instance: 
[1, 1, 1, 1, 1, 1, 1, 1, 1, 1, 1, 1, 0, 0, 0, 0, 0, 0, 0, 0]
i: 42, Target: 13, n: 20, solution: True, time: 3.5059999999864644e-06, instance: 
[1, 1, 1, 1, 1, 1, 1, 1, 1, 1, 1, 1, 1, 0, 0, 0, 0, 0, 0, 0]
i: 43, Target: 14, n: 20, solution: True, time: 3.6580000000174806e-06, instance: 
[1, 1, 1, 1, 1, 1, 1, 1, 1, 1, 1, 1, 1, 1, 0, 0, 0, 0, 0, 0]
i: 44, Target: 15, n: 20, solution: True, time: 3.701999999994321e-06, instance: 
[1, 1, 1, 1, 1, 1, 1, 1, 1, 1, 1, 1, 1, 1, 1, 0, 0, 0, 0, 0]
i: 45, Target: 16, n: 20, solution: True, time: 3.7059999999922155e-06, instance: 
[1, 1, 1, 1, 1, 1, 1, 1, 1, 1, 1, 1, 1, 1, 1, 1, 0, 0, 0, 0]
i: 46, Target: 17, n: 20, solution: True, time: 3.7680000000150926e-06, instance: 
[1, 1, 1, 1, 1, 1, 1, 1, 1, 1, 1, 1, 1, 1, 1, 1, 1, 0, 0, 0]
i: 47, Target: 18, n: 20, solution: True, time: 3.917000000019932e-06, instance: 
[1, 1, 1, 1, 1, 1, 1, 1, 1, 1, 1, 1, 1, 1, 1, 1, 1, 1, 0, 0]
i: 48, Target: 19, n: 20, solution: True, time: 3.847999999972984e-06, instance: 
[1, 1, 1, 1, 1, 1, 1, 1, 1, 1, 1, 1, 1, 1, 1, 1, 1, 1, 1, 0]
i: 49, Target: 20, n: 20, solution: True, time: 3.905999999997967e-06, instance: 
[1, 1, 1, 1, 1, 1, 1, 1, 1, 1, 1, 1, 1, 1, 1, 1, 1, 1, 1, 1]
i: 50, Target: 12500.0, n: 15, solution: True, time: 5.4919999999958335e-06, instance: 
[9139, 8673, 8606, 5990, 4872, 4270, 4237, 3428, 2486, 2370, 2114, 1999, 1813, 1433, 170]
i: 51, Target: 12750.0, n: 16, solution: True, time: 5.345000000045452e-06, instance: 
[9082, 8477, 8113, 7707, 7477, 7267, 6797, 6790, 5701, 5664, 4585, 4469, 4299, 3973, 3849, 2400]
i: 52, Target: 13000.0, n: 17, solution: True, time: 5.385000000024398e-06, instance: 
[9924, 7655, 7223, 7047, 6905, 6724, 6411, 5084, 3318, 2851, 2494, 2078, 1916, 1835, 689, 370, 358]
i: 53, Target: 13250.0, n: 18, solution: True, time: 5.5409999999422865e-06, instance: 
[8124, 7687, 6512, 5532, 4679, 4670, 4019, 3597, 3505, 3275, 2180, 2000, 1986, 1934, 992, 402, 332, 145]
i: 54, Target: 13500.0, n: 19, solution: True, time: 5.494000000050292e-06, instance: 
[8687, 7637, 7291, 6583, 6412, 6395, 5965, 5613, 5334, 4681, 4365, 4324, 4065, 3897, 2988, 2970, 2698, 2585, 1541]
i: 55, Target: 13750.0, n: 20, solution: True, time: 5.966999999995615e-06, instance: 
[9444, 9080, 8993, 8901, 8620, 8426, 8388, 8204, 8044, 7968, 7382, 7077, 6371, 5016, 4193, 3935, 2913, 2284, 1350, 1285]
i: 56, Target: 14000.0, n: 21, solution: True, time: 5.932999999958e-06, instance: 
[9660, 9648, 9177, 8943, 7967, 7805, 7143, 6324, 4974, 4818, 4655, 4511, 4440, 3527, 3351, 3174, 2023, 1324, 1207, 1178, 540]
i: 57, Target: 14250.0, n: 22, solution: True, time: 6.2870000000492254e-06, instance: 
[9458, 9203, 8679, 8458, 8353, 8124, 7689, 7603, 6820, 6775, 6721, 6612, 6601, 5704, 5696, 4913, 4794, 4556, 4117, 3455, 2086, 1682]
i: 58, Target: 14500.0, n: 23, solution: True, time: 6.3490000000721025e-06, instance: 
[9936, 9671, 9546, 9285, 8685, 8683, 8575, 8524, 6710, 5995, 5858, 5688, 4860, 4304, 4200, 4111, 4029, 3102, 2038, 1981, 1757, 1717, 1436]
i: 59, Target: 14750.0, n: 24, solution: True, time: 6.427999999947254e-06, instance: 
[9341, 7950, 7486, 7352, 6821, 6219, 6183, 6048, 5516, 5462, 5385, 5045, 4333, 4232, 3982, 3869, 3757, 2376, 2273, 1451, 1402, 1230, 587, 518]
i: 60, Target: 15000.0, n: 25, solution: True, time: 6.808999999941001e-06, instance: 
[9792, 9539, 9452, 8973, 8951, 8617, 8059, 7817, 7090, 6791, 6784, 6030, 6030, 5895, 5641, 5521, 3914, 3546, 2524, 1632, 1512, 1448, 1251, 690, 215]
i: 61, Target: 15250.0, n: 26, solution: True, time: 6.891000000064373e-06, instance: 
[8928, 8842, 8297, 8243, 7912, 6642, 6472, 5925, 5868, 5107, 4835, 4013, 3557, 2879, 2518, 2093, 1669, 1662, 1551, 1506, 1368, 988, 808, 669, 636, 499]
i: 62, Target: 15500.0, n: 27, solution: True, time: 7.2420000000184e-06, instance: 
[9614, 8838, 8775, 8315, 8117, 8105, 7976, 7404, 7310, 6501, 6394, 6052, 5704, 5458, 4369, 3972, 3544, 3024, 2834, 2609, 2391, 2361, 1751, 636, 575, 279, 162]
i: 63, Target: 15750.0, n: 28, solution: True, time: 7.45800000001573e-06, instance: 
[9510, 8823, 8461, 8314, 8100, 8007, 7518, 7295, 7124, 6219, 5763, 5372, 4277, 4188, 4124, 3943, 3904, 3784, 3670, 3228, 3207, 2895, 2870, 2650, 2169, 2153, 2079, 1276]
i: 64, Target: 16000.0, n: 29, solution: True, time: 7.619999999985971e-06, instance: 
[9624, 9433, 9286, 9170, 8522, 8470, 8242, 7997, 7933, 7748, 7216, 6044, 5789, 5637, 5489, 5475, 5060, 5035, 4829, 4123, 3968, 2533, 1795, 998, 576, 381, 326, 202, 173]
i: 65, Target: 6160, n: 15, solution: True, time: 4.48199999991683e-06, instance: 
[9721, 9526, 9329, 9024, 8317, 7871, 7804, 7446, 7056, 4978, 4429, 4325, 1724, 912, 302]
i: 66, Target: 9456, n: 16, solution: True, time: 3.895999999947719e-06, instance: 
[9721, 9526, 9329, 9024, 8317, 7871, 7804, 7446, 7056, 6160, 4978, 4429, 4325, 1724, 912, 302]
i: 67, Target: 4159, n: 17, solution: True, time: 4.189999999959504e-06, instance: 
[9721, 9526, 9456, 9329, 9024, 8317, 7871, 7804, 7446, 7056, 6160, 4978, 4429, 4325, 1724, 912, 302]
i: 68, Target: 2972, n: 18, solution: True, time: 4.1679999999155726e-06, instance: 
[9721, 9526, 9456, 9329, 9024, 8317, 7871, 7804, 7446, 7056, 6160, 4978, 4429, 4325, 4159, 1724, 912, 302]
i: 69, Target: 8327, n: 19, solution: True, time: 4.107999999947154e-06, instance: 
[9721, 9526, 9456, 9329, 9024, 8317, 7871, 7804, 7446, 7056, 6160, 4978, 4429, 4325, 4159, 2972, 1724, 912, 302]
i: 70, Target: 3389, n: 20, solution: True, time: 4.409000000094032e-06, instance: 
[9721, 9526, 9456, 9329, 9024, 8327, 8317, 7871, 7804, 7446, 7056, 6160, 4978, 4429, 4325, 4159, 2972, 1724, 912, 302]
i: 71, Target: 4853, n: 21, solution: True, time: 4.549000000020342e-06, instance: 
[9721, 9526, 9456, 9329, 9024, 8327, 8317, 7871, 7804, 7446, 7056, 6160, 4978, 4429, 4325, 4159, 3389, 2972, 1724, 912, 302]
i: 72, Target: 5516, n: 22, solution: True, time: 4.644999999969812e-06, instance: 
[9721, 9526, 9456, 9329, 9024, 8327, 8317, 7871, 7804, 7446, 7056, 6160, 4978, 4853, 4429, 4325, 4159, 3389, 2972, 1724, 912, 302]
i: 73, Target: 4262, n: 23, solution: True, time: 4.600999999992972e-06, instance: 
[9721, 9526, 9456, 9329, 9024, 8327, 8317, 7871, 7804, 7446, 7056, 6160, 5516, 4978, 4853, 4429, 4325, 4159, 3389, 2972, 1724, 912, 302]
i: 74, Target: 1646, n: 24, solution: True, time: 4.864999999965036e-06, instance: 
[9721, 9526, 9456, 9329, 9024, 8327, 8317, 7871, 7804, 7446, 7056, 6160, 5516, 4978, 4853, 4429, 4325, 4262, 4159, 3389, 2972, 1724, 912, 302]
i: 75, Target: 7093, n: 25, solution: True, time: 5.081000000073388e-06, instance: 
[9721, 9526, 9456, 9329, 9024, 8327, 8317, 7871, 7804, 7446, 7056, 6160, 5516, 4978, 4853, 4429, 4325, 4262, 4159, 3389, 2972, 1724, 1646, 912, 302]
i: 76, Target: 3106, n: 26, solution: True, time: 5.252999999982855e-06, instance: 
[9721, 9526, 9456, 9329, 9024, 8327, 8317, 7871, 7804, 7446, 7093, 7056, 6160, 5516, 4978, 4853, 4429, 4325, 4262, 4159, 3389, 2972, 1724, 1646, 912, 302]
i: 77, Target: 6472, n: 27, solution: True, time: 5.452999999988606e-06, instance: 
[9721, 9526, 9456, 9329, 9024, 8327, 8317, 7871, 7804, 7446, 7093, 7056, 6160, 5516, 4978, 4853, 4429, 4325, 4262, 4159, 3389, 3106, 2972, 1724, 1646, 912, 302]
i: 78, Target: 8867, n: 28, solution: True, time: 5.5180000000376594e-06, instance: 
[9721, 9526, 9456, 9329, 9024, 8327, 8317, 7871, 7804, 7446, 7093, 7056, 6472, 6160, 5516, 4978, 4853, 4429, 4325, 4262, 4159, 3389, 3106, 2972, 1724, 1646, 912, 302]
i: 79, Target: 6236, n: 29, solution: True, time: 5.585000000030149e-06, instance: 
[9721, 9526, 9456, 9329, 9024, 8867, 8327, 8317, 7871, 7804, 7446, 7093, 7056, 6472, 6160, 5516, 4978, 4853, 4429, 4325, 4262, 4159, 3389, 3106, 2972, 1724, 1646, 912, 302]
i: 80, Target: 4230100566, n: 20, solution: True, time: 5.6350000000593425e-06, instance: 
[4142384293, 3619574626, 3614463460, 3443012648, 3436353932, 3352306294, 2454120508, 2328827740, 2237519610, 1905165571, 1692611900, 1626492697, 1537529778, 1509390951, 1250881956, 865532988, 716709013, 582276472, 170530019, 94204160]
i: 81, Target: 277069428, n: 21, solution: True, time: 5.695999999999479e-06, instance: 
[4230100566, 4142384293, 3619574626, 3614463460, 3443012648, 3436353932, 3352306294, 2454120508, 2328827740, 2237519610, 1905165571, 1692611900, 1626492697, 1537529778, 1509390951, 1250881956, 865532988, 716709013, 582276472, 170530019, 94204160]
i: 82, Target: 2934241198, n: 22, solution: True, time: 6.127999999994138e-06, instance: 
[4230100566, 4142384293, 3619574626, 3614463460, 3443012648, 3436353932, 3352306294, 2454120508, 2328827740, 2237519610, 1905165571, 1692611900, 1626492697, 1537529778, 1509390951, 1250881956, 865532988, 716709013, 582276472, 277069428, 170530019, 94204160]
i: 83, Target: 1696434625, n: 23, solution: True, time: 5.772999999931194e-06, instance: 
[4230100566, 4142384293, 3619574626, 3614463460, 3443012648, 3436353932, 3352306294, 2934241198, 2454120508, 2328827740, 2237519610, 1905165571, 1692611900, 1626492697, 1537529778, 1509390951, 1250881956, 865532988, 716709013, 582276472, 277069428, 170530019, 94204160]
i: 84, Target: 2633880204, n: 24, solution: True, time: 6.182000000021226e-06, instance: 
[4230100566, 4142384293, 3619574626, 3614463460, 3443012648, 3436353932, 3352306294, 2934241198, 2454120508, 2328827740, 2237519610, 1905165571, 1696434625, 1692611900, 1626492697, 1537529778, 1509390951, 1250881956, 865532988, 716709013, 582276472, 277069428, 170530019, 94204160]
i: 85, Target: 3273546516, n: 25, solution: True, time: 6.579000000006552e-06, instance: 
[4230100566, 4142384293, 3619574626, 3614463460, 3443012648, 3436353932, 3352306294, 2934241198, 2633880204, 2454120508, 2328827740, 2237519610, 1905165571, 1696434625, 1692611900, 1626492697, 1537529778, 1509390951, 1250881956, 865532988, 716709013, 582276472, 277069428, 170530019, 94204160]
i: 86, Target: 2380910189, n: 26, solution: True, time: 6.468000000037222e-06, instance: 
[4230100566, 4142384293, 3619574626, 3614463460, 3443012648, 3436353932, 3352306294, 3273546516, 2934241198, 2633880204, 2454120508, 2328827740, 2237519610, 1905165571, 1696434625, 1692611900, 1626492697, 1537529778, 1509390951, 1250881956, 865532988, 716709013, 582276472, 277069428, 170530019, 94204160]
i: 87, Target: 598630825, n: 27, solution: True, time: 6.580999999949988e-06, instance: 
[4230100566, 4142384293, 3619574626, 3614463460, 3443012648, 3436353932, 3352306294, 3273546516, 2934241198, 2633880204, 2454120508, 2380910189, 2328827740, 2237519610, 1905165571, 1696434625, 1692611900, 1626492697, 1537529778, 1509390951, 1250881956, 865532988, 716709013, 582276472, 277069428, 170530019, 94204160]
i: 88, Target: 1503135148, n: 28, solution: True, time: 6.801000000056234e-06, instance: 
[4230100566, 4142384293, 3619574626, 3614463460, 3443012648, 3436353932, 3352306294, 3273546516, 2934241198, 2633880204, 2454120508, 2380910189, 2328827740, 2237519610, 1905165571, 1696434625, 1692611900, 1626492697, 1537529778, 1509390951, 1250881956, 865532988, 716709013, 598630825, 582276472, 277069428, 170530019, 94204160]
i: 89, Target: 3392306130, n: 29, solution: True, time: 6.93800000006739e-06, instance: 
[4230100566, 4142384293, 3619574626, 3614463460, 3443012648, 3436353932, 3352306294, 3273546516, 2934241198, 2633880204, 2454120508, 2380910189, 2328827740, 2237519610, 1905165571, 1696434625, 1692611900, 1626492697, 1537529778, 1509390951, 1503135148, 1250881956, 865532988, 716709013, 598630825, 582276472, 277069428, 170530019, 94204160]
i: 90, Target: 2656174599, n: 20, solution: True, time: 5.4090000000117655e-06, instance: 
[4246594331, 3821274952, 3280302934, 3127730451, 3045530540, 2637195853, 2576356029, 2261005216, 2189456375, 2082907683, 1818475986, 1581793514, 1268208255, 1152136440, 949012997, 756235710, 704795942, 651262785, 290451668, 77808393]
i: 91, Target: 639031226, n: 21, solution: True, time: 5.5679999999558305e-06, instance: 
[4246594331, 3821274952, 3280302934, 3127730451, 3045530540, 2656174599, 2637195853, 2576356029, 2261005216, 2189456375, 2082907683, 1818475986, 1581793514, 1268208255, 1152136440, 949012997, 756235710, 704795942, 651262785, 290451668, 77808393]
i: 92, Target: 1454769105, n: 22, solution: True, time: 5.578999999977796e-06, instance: 
[4246594331, 3821274952, 3280302934, 3127730451, 3045530540, 2656174599, 2637195853, 2576356029, 2261005216, 2189456375, 2082907683, 1818475986, 1581793514, 1268208255, 1152136440, 949012997, 756235710, 704795942, 651262785, 639031226, 290451668, 77808393]
i: 93, Target: 2291886844, n: 23, solution: True, time: 5.543999999968463e-06, instance: 
[4246594331, 3821274952, 3280302934, 3127730451, 3045530540, 2656174599, 2637195853, 2576356029, 2261005216, 2189456375, 2082907683, 1818475986, 1581793514, 1454769105, 1268208255, 1152136440, 949012997, 756235710, 704795942, 651262785, 639031226, 290451668, 77808393]
i: 94, Target: 2341456427, n: 24, solution: True, time: 5.7669999999898636e-06, instance: 
[4246594331, 3821274952, 3280302934, 3127730451, 3045530540, 2656174599, 2637195853, 2576356029, 2291886844, 2261005216, 2189456375, 2082907683, 1818475986, 1581793514, 1454769105, 1268208255, 1152136440, 949012997, 756235710, 704795942, 651262785, 639031226, 290451668, 77808393]
i: 95, Target: 1534876046, n: 25, solution: True, time: 6.046999999953506e-06, instance: 
[4246594331, 3821274952, 3280302934, 3127730451, 3045530540, 2656174599, 2637195853, 2576356029, 2341456427, 2291886844, 2261005216, 2189456375, 2082907683, 1818475986, 1581793514, 1454769105, 1268208255, 1152136440, 949012997, 756235710, 704795942, 651262785, 639031226, 290451668, 77808393]
i: 96, Target: 743183253, n: 26, solution: True, time: 6.448999999908445e-06, instance: 
[4246594331, 3821274952, 3280302934, 3127730451, 3045530540, 2656174599, 2637195853, 2576356029, 2341456427, 2291886844, 2261005216, 2189456375, 2082907683, 1818475986, 1581793514, 1534876046, 1454769105, 1268208255, 1152136440, 949012997, 756235710, 704795942, 651262785, 639031226, 290451668, 77808393]
i: 97, Target: 3047575536, n: 27, solution: True, time: 6.2320000000504194e-06, instance: 
[4246594331, 3821274952, 3280302934, 3127730451, 3045530540, 2656174599, 2637195853, 2576356029, 2341456427, 2291886844, 2261005216, 2189456375, 2082907683, 1818475986, 1581793514, 1534876046, 1454769105, 1268208255, 1152136440, 949012997, 756235710, 743183253, 704795942, 651262785, 639031226, 290451668, 77808393]
i: 98, Target: 2284495503, n: 28, solution: True, time: 6.5900000000285175e-06, instance: 
[4246594331, 3821274952, 3280302934, 3127730451, 3047575536, 3045530540, 2656174599, 2637195853, 2576356029, 2341456427, 2291886844, 2261005216, 2189456375, 2082907683, 1818475986, 1581793514, 1534876046, 1454769105, 1268208255, 1152136440, 949012997, 756235710, 743183253, 704795942, 651262785, 639031226, 290451668, 77808393]
i: 99, Target: 55914146, n: 29, solution: True, time: 6.599999999967743e-06, instance: 
[4246594331, 3821274952, 3280302934, 3127730451, 3047575536, 3045530540, 2656174599, 2637195853, 2576356029, 2341456427, 2291886844, 2284495503, 2261005216, 2189456375, 2082907683, 1818475986, 1581793514, 1534876046, 1454769105, 1268208255, 1152136440, 949012997, 756235710, 743183253, 704795942, 651262785, 639031226, 290451668, 77808393]
