i, N, T, sExh, tExh
0, 0, 0, False, 1.1350999999937272e-05
1, 1, 0, False, 2.0368999999909043e-05
2, 2, 0, False, 1.9640000000098468e-05
3, 3, 0, False, 2.5402000000007696e-05
4, 4, 0, False, 4.82829999999268e-05
5, 5, 0, False, 8.162699999991752e-05
6, 6, 0, False, 0.000266570000000077
7, 7, 0, False, 0.00032962999999996967
8, 8, 0, False, 0.0008220719999999515
9, 9, 0, False, 0.0013814370000000409
10, 10, 0, False, 0.0028119719999999404
11, 11, 0, False, 0.00954988999999995
12, 12, 0, False, 0.03376312599999998
13, 13, 0, False, 0.030886514000000087
14, 14, 0, False, 0.05360790399999993
15, 15, 0, False, 0.10611916700000013
16, 16, 0, False, 0.20602757800000004
17, 17, 0, False, 0.3317044869999999
18, 18, 0, False, 0.662839766
19, 19, 0, False, 1.522110922
20, 20, 0, False, 2.847887148
21, 21, 0, False, 5.941468206000001
22, 22, 0, False, 10.700788395
23, 23, 0, False, 21.523085721
24, 24, 0, False, 43.354756527000006
25, 25, 0, False, 60.000092659
26, 26, 0, False, 60.00014507199998
27, 27, 0, False, 60.00010650500002
28, 28, 0, False, 60.000086710000005
29, 29, 0, False, 60.00010892
30, 20, 1, True, 0.00013977899999417787
31, 20, 2, True, 9.10489999910169e-05
32, 20, 3, True, 0.0022678460000520317
33, 20, 4, True, 0.00038569700001289675
34, 20, 5, True, 1.3557628400000112
35, 20, 6, True, 0.004014610000012908
36, 20, 7, True, 0.35010222500000054
37, 20, 8, True, 0.7400700090000214
38, 20, 9, True, 0.9146076330000028 
39, 20, 10, True, 0.0891621979999968
40, 20, 11, True, 0.5128222760000085
41, 20, 12, True, 2.346448358000032
42, 20, 13, True, 1.7701215989999923
43, 20, 14, True, 2.2743716350000227
44, 20, 15, True, 1.9610420770000019
45, 20, 16, True, 0.6561864430000242
46, 20, 17, True, 1.786374636000005
47, 20, 18, True, 2.597001390999992
48, 20, 19, True, 2.650408851000009
49, 20, 20, True, 2.6063889160000144
50, 15, 12500, False, 0.08194002699997327
51, 16, 12750, False, 0.19008626599998024
52, 17, 13000, False, 0.3222916249999912
53, 18, 13250, False, 0.6486291410000149
54, 19, 13500, False, 1.3272905100000116
55, 20, 13750, False, 2.60718327699999
56, 21, 14000, True, 0.11689257300002964
57, 22, 14250, True, 0.07475826099999949
58, 23, 14500, True, 0.37355568399999584
59, 24, 14750, True, 0.5229405430000043
60, 25, 15000, True, 1.2784621060000063
61, 26, 15250, False, 60.00014216899996
62, 27, 15500, True, 0.01824086500005251
63, 28, 15750, True, 0.058746786000028806
64, 29, 16000, True, 5.574669599999993
65, 15, 6160, False, 0.08476616699999795
66, 16, 9456, False, 0.16618891500002064
67, 17, 4159, False, 0.34357468999996854
68, 18, 2972, False, 0.6419967499999757
69, 19, 8327, False, 1.3088851929999805
70, 20, 3389, False, 2.5988976379999826
71, 21, 4853, False, 5.151981790999969
72, 22, 5516, False, 10.34740298099996
73, 23, 4262, False, 20.693499770000017
74, 24, 1646, False, 41.968771961000016
75, 25, 7093, False, 60.000065408999944
76, 26, 3106, False, 60.00008980999996
77, 27, 6472, False, 60.000084136000055
78, 28, 8867, False, 60.000093885999945
79, 29, 6236, False, 60.000101763999965
80, 20, 4230100566, False, 2.5913250129999597
81, 21, 277069428, False, 5.215512137000019
82, 22, 2934241198, False, 10.494986095999934
83, 23, 1696434625, False, 20.75482131900003
84, 24, 2633880204, False, 42.72065410999994
85, 25, 3273546516, False, 60.00011349500005
86, 26, 2380910189, False, 60.00008512599993
87, 27, 598630825, False, 60.000113344000056
88, 28, 1503135148, False, 60.00016985499997
89, 29, 3392306130, False, 60.00009090499998
90, 20, 2656174599, False, 2.8230267189999267
91, 21, 639031226, False, 5.543798795999919
92, 22, 1454769105, False, 10.979646306999939
93, 23, 2291886844, False, 22.008233834999828
94, 24, 2341456427, False, 43.63865051100015
95, 25, 1534876046, False, 60.000083310000036
96, 26, 743183253, False, 60.00008135300004
97, 27, 3047575536, False, 60.00009967599999
98, 28, 2284495503, False, 60.00008660200001
99, 29, 55914146, False, 60.00008329000002