0, 0, 0, False, 1.0320999999979819e-05
1, 1, 0, False, 1.2566000000102662e-05
2, 2, 0, False, 2.0189000000003787e-05
3, 3, 0, False, 2.6512000000034064e-05
4, 4, 0, False, 4.922699999998503e-05
5, 5, 0, False, 8.903600000009781e-05
6, 6, 0, False, 0.0002809350000000377
7, 7, 0, False, 0.000571323000000068
8, 8, 0, False, 0.0011874899999999577
9, 9, 0, False, 0.0015440150000000097
10, 10, 0, False, 0.0029084969999999544
11, 11, 0, False, 0.0064113620000000315
12, 12, 0, False, 0.05223894100000004
13, 13, 0, False, 0.05864083600000003
14, 14, 0, False, 0.06367927000000007
15, 15, 0, False, 0.09624945799999995
16, 16, 0, False, 0.18177520600000008
17, 17, 0, False, 0.36499845500000005
18, 18, 0, False, 1.079207739
19, 19, 0, False, 1.6687965739999995
20, 20, 0, False, 2.949567653
21, 21, 0, False, 5.680653478
22, 22, 0, False, 11.620888727999999
23, 23, 0, False, 22.052607110999997
24, 24, 0, False, 43.746371145
25, 25, 0, False, 86.221466794
26, 26, 0, False, 178.89481266599998
