i, n, Target, Mean, Variance, Greedy Accuracy, solution, time
1, 1, 0, 1.0, 0.0, NaN, 0, 5.515000000011483e-06
2, 2, 0, 1.0, 0.0, NaN, 0, 5.7669999999898636e-06
3, 3, 0, 1.0, 0.0, NaN, 0, 5.201000000010225e-06
4, 4, 0, 1.0, 0.0, NaN, 0, 3.268000000056226e-06
5, 5, 0, 1.0, 0.0, NaN, 0, 3.5079999999299005e-06
6, 6, 0, 1.0, 0.0, NaN, 0, 3.441000000048433e-06
7, 7, 0, 1.0, 0.0, NaN, 0, 3.844000000086112e-06
8, 8, 0, 1.0, 0.0, NaN, 0, 3.7619999999627396e-06
9, 9, 0, 1.0, 0.0, NaN, 0, 3.924000000044003e-06
10, 10, 0, 1.0, 0.0, NaN, 0, 3.969000000103584e-06
11, 11, 0, 1.0, 0.0, NaN, 0, 3.933000000011511e-06
12, 12, 0, 1.0, 0.0, NaN, 0, 4.073000000048843e-06
13, 13, 0, 1.0, 0.0, NaN, 0, 4.000000000004e-06
14, 14, 0, 1.0, 0.0, NaN, 0, 4.157999999976347e-06
15, 15, 0, 1.0, 0.0, NaN, 0, 4.497000000047713e-06
16, 16, 0, 1.0, 0.0, NaN, 0, 4.4419999999378845e-06
17, 17, 0, 1.0, 0.0, NaN, 0, 4.397999999961044e-06
18, 18, 0, 1.0, 0.0, NaN, 0, 4.401999999958939e-06
19, 19, 0, 1.0, 0.0, NaN, 0, 4.707999999964407e-06
20, 20, 0, 1.0, 0.0, NaN, 0, 4.663999999987567e-06
21, 21, 0, 1.0, 0.0, NaN, 0, 4.961000000025528e-06
22, 22, 0, 1.0, 0.0, NaN, 0, 5.228999999995487e-06
23, 23, 0, 1.0, 0.0, NaN, 0, 5.35999999995429e-06
24, 24, 0, 1.0, 0.0, NaN, 0, 5.256000000009031e-06
25, 25, 0, 1.0, 0.0, NaN, 0, 5.431000000055697e-06
26, 26, 0, 1.0, 0.0, NaN, 0, 5.782999999981442e-06
27, 27, 0, 1.0, 0.0, NaN, 0, 5.625999999980813e-06
28, 28, 0, 1.0, 0.0, NaN, 0, 9.030000000076477e-06
29, 29, 0, 1.0, 0.0, NaN, 0, 6.903999999918753e-06
30, 20, 1, 0.05, 0.21794494717703364, 1.0, 1, 7.1680000000018396e-06
31, 20, 2, 0.1, 0.30000000000000004, 1.0, 2, 6.647999999942478e-06
32, 20, 3, 0.15, 0.3570714214271425, 1.0, 3, 6.668000000042973e-06
33, 20, 4, 0.2, 0.4000000000000001, 1.0, 4, 6.540999999971042e-06
34, 20, 5, 0.25, 0.4330127018922193, 1.0, 5, 6.745999999946406e-06
35, 20, 6, 0.3, 0.45825756949558394, 1.0, 6, 7.025000000049353e-06
36, 20, 7, 0.35, 0.4769696007084728, 1.0, 7, 7.620999999957689e-06
37, 20, 8, 0.4, 0.48989794855663565, 1.0, 8, 7.068999999915171e-06
38, 20, 9, 0.45, 0.4974937185533099, 1.0, 9, 6.7830000000101975e-06
39, 20, 10, 0.5, 0.5, 1.0, 10, 6.787000000008092e-06
40, 20, 11, 0.55, 0.49749371855331, 1.0, 11, 6.510000000070626e-06
41, 20, 12, 0.6, 0.48989794855663565, 1.0, 12, 7.231999999968153e-06
42, 20, 13, 0.65, 0.47696960070847283, 1.0, 13, 6.368999999950553e-06
43, 20, 14, 0.7, 0.45825756949558394, 1.0, 14, 9.837400000001217e-05
44, 20, 15, 0.75, 0.4330127018922193, 1.0, 15, 8.853999999947071e-06
45, 20, 16, 0.8, 0.4, 1.0, 16, 7.972000000022739e-06
46, 20, 17, 0.85, 0.3570714214271425, 1.0, 17, 8.0460000000393e-06
47, 20, 18, 0.9, 0.3, 1.0, 18, 9.280000000000399e-06
48, 20, 19, 0.95, 0.21794494717703367, 1.0, 19, 1.2212999999983154e-05
49, 20, 20, 1.0, 0.0, 1.0, 20, 7.569999999956778e-06
50, 15, 12500, 4848.866666666667, 2255.4167350822086, 0.99112, 12389, 8.333999999998731e-06
51, 16, 12750, 4717.625, 2884.83721107015, 0.9090196078431373, 11590, 7.508999999905619e-06
52, 17, 13000, 4354.411764705882, 2862.2092877566474, 0.9970769230769231, 12962, 7.203000000011173e-06
53, 18, 13250, 5015.277777777777, 2933.5088357641216, 0.9997735849056604, 13247, 7.3819999999447106e-06
54, 19, 13500, 6083.526315789473, 2710.9709538217803, 0.997037037037037, 13540, 7.756999999997127e-06
55, 20, 13750, 5306.7, 2671.396134982605, 0.9933818181818181, 13659, 7.957000000002878e-06
56, 21, 14000, 4130.619047619048, 2915.6735148763614, 0.9982142857142857, 13975, 7.886000000012494e-06
57, 22, 14250, 4217.090909090909, 3138.5145430904226, 0.996561403508772, 14201, 1.5327000000064928e-05
58, 23, 14500, 3798.086956521739, 2917.53433589636, 0.9981379310344828, 14473, 3.405899999997519e-05
59, 24, 14750, 4724.666666666667, 2941.900033236268, 0.9913898305084746, 14623, 1.1914000000001757e-05
60, 25, 15000, 4072.4, 2934.592087497, 0.9968666666666667, 14953, 7.938900000004079e-05
61, 26, 15250, 5402.153846153846, 2497.623404086183, 0.9921311475409836, 15370, 9.482000000060609e-06
62, 27, 15500, 4726.814814814815, 2562.457732797385, 0.9600645161290322, 14881, 8.286000000023996e-06
63, 28, 15750, 4413.928571428572, 3221.3181632964597, 0.9998095238095238, 15753, 8.490000000027642e-06
64, 29, 16000, 4850.758620689655, 2898.705771311152, 0.997375, 15958, 1.2183000000054456e-05
65, 15, 6160, 6184.266666666666, 3101.42862708283, 0.9948051948051948, 6192, 7.1889999999630305e-06
66, 16, 9456, 6182.75, 3002.9511005842237, 0.9865693739424704, 9329, 6.771000000016514e-06
67, 17, 4159, 6375.294117647059, 3013.375726064705, 0.7790334214955519, 3240, 7.074999999967524e-06
68, 18, 2972, 6252.166666666667, 2972.1525916039, 0.9885598923283984, 2938, 1.543399999992534e-05
69, 19, 8327, 6079.526315789473, 2984.165604414513, 0.9987990873063528, 8317, 1.3989999999908243e-05
70, 20, 3389, 6191.9, 2949.561186007166, 0.9660666863381528, 3274, 1.002999999999421e-05
71, 21, 4853, 6058.428571428572, 2939.7146374537556, 0.9748609107768391, 4731, 1.1551999999914742e-05
72, 22, 5516, 6003.636363636364, 2883.0805422712597, 0.9880348078317621, 5582, 1.0983000000019949e-05
73, 23, 4262, 5982.434782608696, 2821.4614286877604, 0.9758329422806195, 4159, 5.334000000001282e-05
74, 24, 1646, 5910.75, 2783.368706112553, 0.9210206561360875, 1516, 1.1928999999910594e-05
75, 25, 7093, 5740.16, 2852.31107251646, 0.9947835894543916, 7056, 1.1835000000015583e-05
76, 26, 3106, 5792.192307692308, 2808.9947972023833, 0.9568576947842885, 2972, 1.2580000000039782e-05
77, 27, 6472, 5692.7037037037035, 2802.7772577664728, 0.9984548825710754, 6462, 1.3400000000052259e-05
78, 28, 8867, 5720.535714285715, 2756.0695549244824, 0.9927822262320966, 8931, 1.0577000000067116e-05
79, 29, 6236, 5829.0344827586205, 2768.321992468245, 0.9878127004490058, 6160, 9.680000000011901e-06
80, 20, 4230100566, 2028994430.8, 1210969903.2381117, 0.9984662570312991, 4236588453, 8.99700000001058e-06
81, 21, 277069428, 2133809008.6666667, 1271353278.5969744, 0.9554795738777792, 264734179, 9.221000000003698e-06
82, 22, 2934241198, 2049411755.0, 1300941974.9483724, 0.9889166429051004, 2901719955, 9.379999999947763e-06
83, 23, 1696434625, 2087882600.347826, 1285077962.3542285, 0.9977466122515626, 1692611900, 9.46499999998629e-06
84, 24, 2633880204, 2071572268.0416667, 1260450157.1098983, 0.9964957870954103, 2624650527, 1.0401999999909428e-05
85, 25, 3273546516, 2094064585.48, 1239889881.7499702, 0.9902343620768027, 3305514786, 1.046300000007161e-05
86, 26, 2380910189, 2139429275.1153846, 1236789326.074131, 0.982308567876854, 2423031900, 1.0481000000006624e-05
87, 27, 598630825, 2148373012.6666665, 1214526230.6640334, 0.9726804028175462, 582276472, 1.0065000000003543e-05
88, 28, 1503135148, 2093025077.392857, 1226826959.392114, 0.991696696723108, 1515616135, 1.0470999999956376e-05
89, 29, 3392306130, 2072684045.3448277, 1210284862.8916752, 0.988208659694283, 3352306294, 1.1678000000014954e-05
90, 20, 2656174599, 1925926802.7, 1169090625.2226207, 0.9928548575055476, 2637195853, 9.894000000065795e-06
91, 21, 639031226, 1960700507.2857144, 1151465447.7070363, 0.6980385869281449, 446068454, 9.32500000005998e-06
92, 22, 1454769105, 1900624630.8636363, 1158186974.0560298, 0.9787292265874727, 1423825041, 9.543999999972463e-06
93, 23, 2291886844, 1881239608.0, 1136372560.2641098, 0.9865256750869503, 2261005216, 1.0051000000066423e-05
94, 24, 2341456427, 1898349909.5, 1115468596.525023, 0.9879396389040725, 2369695237, 1.0024999999913575e-05
95, 25, 1534876046, 1916074170.2, 1096375377.4400637, 0.9985024536632843, 1532577498, 1.0052000000038142e-05
96, 26, 743183253, 1901412703.8846154, 1077580932.0463557, 0.948347448835745, 704795942, 1.0555999999994903e-05
97, 27, 3047575536, 1858515316.8148148, 1079823506.4409137, 0.9993289761071241, 3045530540, 1.0643000000087888e-05
98, 28, 2284495503, 1900981753.2142856, 1083082189.0617633, 0.9897175166380706, 2261005216, 1.0258999999956941e-05
99, 29, 55914146, 1914206365.275862, 1066542718.9186385, 0.6084309863196337, 77808393, 1.0277000000002978e-05
