i, N, T, sGreedy, sILP, tILP
0, 0, 0, 0, 0, 0
2, 2, 0, 0, 0, 0
3, 3, 0, 0, 0, 0
4, 4, 0, 0, 0, 0
5, 5, 0, 0, 0, 0
6, 6, 0, 0, 0, 0
7, 7, 0, 0, 0, 0
8, 8, 0, 0, 0, 0
9, 9, 0, 0, 0, 0
10, 10, 0, 0, 0, 0
11, 11, 0, 0, 0, 0
12, 12, 0, 0, 0, 0
13, 13, 0, 0, 0, 0
14, 14, 0, 0, 0, 0
15, 15, 0, 0, 0, 0
16, 16, 0, 0, 0, 0
17, 17, 0, 0, 0, 0
18, 18, 0, 0, 0, 0
19, 19, 0, 0, 0, 0
20, 20, 0, 0, 0, 0
21, 21, 0, 0, 0, 0
22, 22, 0, 0, 0, 0
23, 23, 0, 0, 0, 0
24, 24, 0, 0, 0, 0
25, 25, 0, 0, 0, 0
26, 26, 0, 0, 0, 0
27, 27, 0, 0, 0, 0
28, 28, 0, 0, 0, 0
29, 29, 0, 0, 0, 0
30, 20, 1, 1, 1, 0.018947
31, 20, 2, 2, 2, 0.008807
32, 20, 3, 3, 3, 0.008922
33, 20, 4, 4, 4, 0.008552
34, 20, 5, 5, 5, 0.008896
35, 20, 6, 6, 6, 0.008586
36, 20, 7, 7, 7, 0.008691
37, 20, 8, 8, 8, 0.009131
38, 20, 9, 9, 9, 0.008547
39, 20, 10, 10, 10, 0.008404
40, 20, 11, 11, 11, 0.008996
41, 20, 12, 12, 12, 0.008553
42, 20, 13, 13, 13, 0.008427
43, 20, 14, 14, 14, 0.008612
44, 20, 15, 15, 15, 0.008353
45, 20, 16, 16, 16, 0.00895
46, 20, 17, 17, 17, 0.008802
47, 20, 18, 18, 18, 0.00872
48, 20, 19, 19, 19, 0.008899
49, 20, 20, 20, 20, 0.008801
50, 15, 12500, 12389, 12491, 3.2967
51, 16, 12750, 11590, 12731, 2.85423
52, 17, 13000, 12962, 13000, 1.43388
53, 18, 13250, 13247, 13246, 3.56735
54, 19, 13500, 13540, 13485, 3.33748
55, 20, 13750, 13659, 13746, 3.16737
56, 21, 14000, 13975, 13999, 3.09674
57, 22, 14250, 14201, 14248, 2.24178
58, 23, 14500, 14473, 14499, 1.96013
59, 24, 14750, 14623, 14750, 1.81125
60, 25, 15000, 14953, 15000, 2.82712
61, 26, 15250, 15370, 15250, 2.97818
62, 27, 15500, 14881, 15500, 2.46494
63, 28, 15750, 15753, 15750, 2.1808
64, 29, 16000, 15958, 16000, 2.14293
65, 15, 6160, 6192, 6153, 2.43942
66, 16, 9456, 9329, 9407, 1.23582
67, 17, 4159, 3240, 2938, 0.009651
68, 18, 2972, 2938, 2938, 0.008663
69, 19, 8327, 8317, 8317, 3.1173
70, 20, 3389, 3274, 3274, 0.036404
71, 21, 4853, 4731, 4731, 1.78096
72, 22, 5516, 5582, 5415, 2.53814
73, 23, 4262, 4159, 4186, 1.83918
74, 24, 1646, 1516, 1214, 0.009124
75, 25, 7093, 7056, 7072, 1.8758
76, 26, 3106, 2972, 2972, 1.06031
77, 27, 6472, 6462, 6462, 3.76206
78, 28, 8867, 8931, 8865, 3.53814
79, 29, 6236, 6160, 6210, 1.51065
80, 20, 4230100566, 4236588453, 4229785000, 1.59369
81, 21, 277069428, 264734179, 264734200, 0.009282
82, 22, 2934241198, 2901719955, 2930800000, 2.01425
83, 23, 1696434625, 1692611900, 1692610000, 1.62483
84, 24, 2633880204, 2624650527, 2633469200, 2.12263
85, 25, 3273546516, 3305514786, 3272484000, 2.46176
86, 26, 2380910189, 2423031900, 2379296000, 2.64897
87, 27, 598630825, 582276472, 582276000, 0.020066
88, 28, 1503135148, 1515616135, 1485870000, 1.6973
89, 29, 3392306130, 3352306294, 3391524200, 2.18855
90, 20, 2656174599, 2637195853, 2654846400, 2.70228
91, 21, 639031226, 446068454, 368260400, 0.009216
92, 22, 1454769105, 1423825041, 1442592000, 2.46297
93, 23, 2291886844, 2261005216, 2288814400, 1.7062
94, 24, 2341456427, 2369695237, 2341266400, 3.66072
95, 25, 1534876046, 1532577498, 1532578400, 1.14659
96, 26, 743183253, 704795942, 729071400, 0.023585
97, 27, 3047575536, 3045530540, 3046256000, 2.60174
98, 28, 2284495503, 2261005216, 2282023400, 3.30051
99, 29, 55914146, 77808393, 0, 3.30051
