_solve_time = 2.13097

N = 22

T = 2934240000

W [*] :=
 0  1692610000
 1  2237520000
 2  3443010000
 3   716709000
 4  1537530000
 5  1509390000
 6  3619570000
 7    94204200
 8  3614460000
 9  3352310000
10   865533000
11   170530000
12  1250880000
13  2454120000
14  2328830000
15  1905170000
16  1626490000
17  3436350000
18  4142380000
19   582276000
20  4230100000
21   277069000
;

X [*] :=
 0  0
 1  0
 2  0
 3  0
 4  0
 5  1
 6  0
 7  0
 8  0
 9  0
10  0
11  1
12  1
13  0
14  0
15  0
16  0
17  0
18  0
19  0
20  0
21  0
;

