_solve_time = 1.38823

N = 28

T = 2284500000

W [*] :=
 0  3127730000
 1  3280300000
 2  2576360000
 3  1152140000
 4  2189460000
 5  1581790000
 6   651263000
 7  3045530000
 8  4246590000
 9   756236000
10   949013000
11  2261010000
12  1268210000
13  1818480000
14    77808400
15   290452000
16  2082910000
17   704796000
18  2637200000
19  3821270000
20  2656170000
21   639031000
22  1454770000
23  2291890000
24  2341460000
25  1534880000
26   743183000
27  3047580000
;

X [*] :=
 0  0
 1  0
 2  0
 3  0
 4  0
 5  0
 6  0
 7  0
 8  0
 9  1
10  0
11  0
12  0
13  0
14  1
15  0
16  0
17  1
18  0
19  0
20  0
21  0
22  0
23  0
24  0
25  0
26  1
27  0
;

