_solve_time = 2.14293

N = 29

T = 16000

W [*] :=
 0  1759
 1  7885
 2  7437
 3  1597
 4   223
 5  4151
 6   444
 7  9814
 8  8521
 9  8942
10  4268
11  5536
12  4051
13  7423
14  3235
15  7858
16  3809
17  6630
18  5534
19  3109
20  7202
21  2778
22  7328
23  7113
24  4673
25  7610
26   926
27  3920
28  1107
;

X [*] :=
 0  0
 1  0
 2  0
 3  1
 4  1
 5  1
 6  1
 7  0
 8  0
 9  0
10  0
11  0
12  1
13  0
14  0
15  0
16  0
17  0
18  1
19  0
20  0
21  0
22  0
23  0
24  0
25  0
26  0
27  0
28  0
;

