i: 30, Target: 1, n: 20, solution: True, time: 0.0001261940000000239, instance: 
[0, 0, 0, 0, 0, 0, 0, 0, 0, 0, 0, 0, 0, 0, 1, 0, 0, 0, 0, 0]
i: 31, Target: 2, n: 20, solution: True, time: 1.891679382, instance: 
[1, 0, 0, 1, 0, 0, 0, 0, 0, 0, 0, 0, 0, 0, 0, 0, 0, 0, 0, 0]
i: 32, Target: 3, n: 20, solution: True, time: 1.117381446, instance: 
[0, 1, 1, 0, 0, 0, 0, 0, 0, 0, 0, 0, 0, 0, 0, 0, 0, 0, 1, 0]
i: 33, Target: 4, n: 20, solution: True, time: 0.5465551649999996, instance: 
[0, 0, 1, 1, 0, 0, 0, 1, 0, 0, 0, 1, 0, 0, 0, 0, 0, 0, 0, 0]
i: 34, Target: 5, n: 20, solution: True, time: 1.3696508299999994, instance: 
[1, 0, 0, 0, 0, 0, 0, 0, 0, 0, 0, 1, 0, 0, 0, 1, 0, 0, 1, 1]
i: 35, Target: 6, n: 20, solution: True, time: 0.44850407800000003, instance: 
[0, 0, 1, 0, 1, 1, 0, 0, 0, 0, 0, 1, 0, 0, 1, 0, 0, 0, 0, 1]
i: 36, Target: 7, n: 20, solution: True, time: 2.276553849, instance: 
[1, 1, 0, 1, 0, 0, 0, 1, 0, 0, 1, 0, 0, 0, 0, 1, 1, 0, 0, 0]
i: 37, Target: 8, n: 20, solution: True, time: 1.0422263090000001, instance: 
[0, 1, 1, 0, 1, 0, 0, 0, 1, 0, 0, 0, 0, 1, 1, 0, 0, 1, 0, 1]
i: 38, Target: 9, n: 20, solution: True, time: 0.5183288830000006, instance: 
[0, 0, 1, 1, 0, 0, 0, 1, 1, 1, 1, 1, 0, 0, 1, 1, 0, 0, 0, 0]
i: 39, Target: 10, n: 20, solution: True, time: 1.6615295749999994, instance: 
[1, 0, 1, 0, 0, 1, 0, 1, 0, 0, 1, 1, 0, 0, 0, 0, 1, 1, 1, 1]
i: 40, Target: 11, n: 20, solution: True, time: 2.623580626999999, instance: 
[1, 1, 1, 1, 0, 1, 0, 0, 1, 0, 0, 0, 1, 0, 1, 1, 1, 1, 0, 0]
i: 41, Target: 12, n: 20, solution: True, time: 1.9565529480000006, instance: 
[1, 0, 1, 1, 1, 0, 1, 1, 0, 1, 1, 1, 0, 1, 0, 0, 1, 1, 0, 0]
i: 42, Target: 13, n: 20, solution: True, time: 1.492519656999999, instance: 
[1, 0, 0, 0, 1, 1, 1, 1, 1, 1, 1, 1, 0, 0, 1, 0, 0, 1, 1, 1]
i: 43, Target: 14, n: 20, solution: True, time: 1.1251445750000002, instance: 
[0, 1, 1, 0, 1, 1, 1, 0, 1, 1, 1, 0, 1, 0, 1, 1, 1, 0, 1, 1]
i: 44, Target: 15, n: 20, solution: True, time: 1.3008398959999994, instance: 
[0, 1, 1, 1, 1, 1, 1, 0, 1, 1, 0, 1, 1, 1, 0, 1, 1, 0, 1, 1]
i: 45, Target: 16, n: 20, solution: True, time: 2.549286789, instance: 
[1, 1, 1, 1, 1, 1, 1, 0, 1, 0, 1, 1, 1, 0, 1, 1, 0, 1, 1, 1]
i: 46, Target: 17, n: 20, solution: True, time: 1.2961400870000013, instance: 
[0, 1, 1, 1, 1, 1, 1, 1, 1, 1, 0, 1, 1, 1, 1, 1, 1, 0, 1, 1]
i: 47, Target: 18, n: 20, solution: True, time: 2.4120406989999985, instance: 
[1, 1, 1, 0, 1, 1, 1, 1, 1, 1, 1, 0, 1, 1, 1, 1, 1, 1, 1, 1]
i: 48, Target: 19, n: 20, solution: True, time: 2.5760076770000033, instance: 
[1, 1, 1, 1, 1, 1, 1, 0, 1, 1, 1, 1, 1, 1, 1, 1, 1, 1, 1, 1]
i: 49, Target: 20, n: 20, solution: True, time: 2.5815556919999985, instance: 
[1, 1, 1, 1, 1, 1, 1, 1, 1, 1, 1, 1, 1, 1, 1, 1, 1, 1, 1, 1]
i: 50, Target: 12500.0, n: 15, solution: False, time: 0.18340634000000122, instance: 
[6789  212 2571 8763 3412 6879 1171 4204 1352 5617 6490 7182 7641 2468
 7441]
i: 51, Target: 12750.0, n: 16, solution: False, time: 0.3611233849999991, instance: 
[ 535 6061 9854 6661  152 7361 3256 3801 4883  725 5730 6910 2104 3712
 3613 5804]
i: 52, Target: 13000.0, n: 17, solution: False, time: 0.7310451240000013, instance: 
[1888 4407 9154 7846 5947 8212 2039 7423 2418  832 1196  178 6504 7275
 9378 8515 4857]
i: 53, Target: 13250.0, n: 18, solution: False, time: 1.5930508040000007, instance: 
[8497 3294 8028  715 8015 5641 5897 4125  606 7149 5441 5807 7590 3047
 1908 8200 9013 6430]
i: 54, Target: 13500.0, n: 19, solution: False, time: 3.014421904999999, instance: 
[5744 3442 4498 4178 4143 9938  383 1084 3492 2125 7844 4454 6777  564
 3544 5183 3888 6205 8363]
i: 55, Target: 13750.0, n: 20, solution: True, time: 3.227702604000001, instance: 
[2238 8618 3444  668 4382 8560  996  443 2850 1993 6934 3828 1300 7820
 3641 9546  798 9535   99 6405]
i: 56, Target: 14000.0, n: 21, solution: False, time: 11.588104322, instance: 
[5023 7662 9161 2970 2356  977 3777 3607 2926 1605 1187 6817 2489 8310
 3419 5176 6302 5727 2620 6226 5458]
i: 57, Target: 14250.0, n: 22, solution: False, time: 22.698532276999998, instance: 
[1399 6911 7815 5066 8339 9281 6275 9321 6067  660 2958 4339 6314 6674
 4451 8826 1930 4166 8115 6601 7434 7569]
i: 58, Target: 14500.0, n: 23, solution: True, time: 0.025372769000000517, instance: 
[6955  149 5859 1666 7198   38  294  513 1205 5625  410  595 1060 7233
 1184 7379 9703 1328 8654 5890 3454 2416 3113]
i: 59, Target: 14750.0, n: 24, solution: True, time: 3.054203271999995, instance: 
[6968 3139 2998 9203 6577 6637 9965 7672 2858 9484 9928 4434 6375 1711
 4354  881 3014 4653 3085 7444 7868 7159 7909  467]
i: 60, Target: 15000.0, n: 25, solution: True, time: 45.439305922, instance: 
[1439 1216 8230 9850 5966 4966 5088 2769 3780 9295 1554 4307 5490 6029
 7820 6996 3938 9439 4185 5841 5313 4489 1215 9908 8520]
i: 61, Target: 15250.0, n: 26, solution: True, time: 2.874843741999996, instance: 
[  68 7259 1998  585 6756 5073 4324 4096 9276 5730 5750 1036 1251 5627
 1324 2864 5713    3 9078 6738 7565 2340 6995 8097 3858 5033]
i: 62, Target: 15500.0, n: 27, solution: True, time: 11.669393157999991, instance: 
[ 339 9902 6182 8464 9309  672 9933 3366 2220 8092 5557 2284 1784 8715
 3967 9564 5997 9119 5024 9022 7761 3482  654 2235 5592 6894  796]
i: 63, Target: 15750.0, n: 28, solution: True, time: 6.776901656999996, instance: 
[6485 8526 9095 6873  465 5494 2724 3750 5131 7954 1604 9733 1658 4174
 6971 8840  459 6111 2171 8845 7083 8968  204 4701 3045 9345 2491 1294]
i: 64, Target: 16000.0, n: 29, solution: True, time: 56.987213018999995, instance: 
[4857 7032 1524 9556 4820 8970 5802  422 4955 2486 8056 1028 4849 4622
 9729 1407 7171 9375 1658 8206 8950 7792 7233 1320 6212 3593 1987 8793
 2274]
i: 65, Target: 6160, n: 15, solution: False, time: 0.08308212699998307, instance: 
[9329, 302, 912, 8317, 1724, 9721, 4978, 7804, 9024, 4325, 7056, 7871, 9526, 7446, 4429]
i: 66, Target: 9456, n: 16, solution: False, time: 0.1679452810000157, instance: 
[9329, 302, 912, 8317, 1724, 9721, 4978, 7804, 9024, 4325, 7056, 7871, 9526, 7446, 4429, 6160]
i: 67, Target: 4159, n: 17, solution: False, time: 0.32577692500001376, instance: 
[9329, 302, 912, 8317, 1724, 9721, 4978, 7804, 9024, 4325, 7056, 7871, 9526, 7446, 4429, 6160, 9456]
i: 68, Target: 2972, n: 18, solution: False, time: 0.6588029250000034, instance: 
[9329, 302, 912, 8317, 1724, 9721, 4978, 7804, 9024, 4325, 7056, 7871, 9526, 7446, 4429, 6160, 9456, 4159]
i: 69, Target: 8327, n: 19, solution: False, time: 1.3058592719999922, instance: 
[9329, 302, 912, 8317, 1724, 9721, 4978, 7804, 9024, 4325, 7056, 7871, 9526, 7446, 4429, 6160, 9456, 4159, 2972]
i: 70, Target: 3389, n: 20, solution: False, time: 2.6128168719999962, instance: 
[9329, 302, 912, 8317, 1724, 9721, 4978, 7804, 9024, 4325, 7056, 7871, 9526, 7446, 4429, 6160, 9456, 4159, 2972, 8327]
i: 71, Target: 4853, n: 21, solution: False, time: 5.152961387000005, instance: 
[9329, 302, 912, 8317, 1724, 9721, 4978, 7804, 9024, 4325, 7056, 7871, 9526, 7446, 4429, 6160, 9456, 4159, 2972, 8327, 3389]
i: 72, Target: 5516, n: 22, solution: False, time: 10.277957517999994, instance: 
[9329, 302, 912, 8317, 1724, 9721, 4978, 7804, 9024, 4325, 7056, 7871, 9526, 7446, 4429, 6160, 9456, 4159, 2972, 8327, 3389, 4853]
i: 73, Target: 4262, n: 23, solution: False, time: 20.691423578000013, instance: 
[9329, 302, 912, 8317, 1724, 9721, 4978, 7804, 9024, 4325, 7056, 7871, 9526, 7446, 4429, 6160, 9456, 4159, 2972, 8327, 3389, 4853, 5516]
i: 74, Target: 1646, n: 24, solution: False, time: 40.846116196999986, instance: 
[9329, 302, 912, 8317, 1724, 9721, 4978, 7804, 9024, 4325, 7056, 7871, 9526, 7446, 4429, 6160, 9456, 4159, 2972, 8327, 3389, 4853, 5516, 4262]
i: 75, Target: 7093, n: 25, solution: False, time: 85.504039804, instance: 
[9329, 302, 912, 8317, 1724, 9721, 4978, 7804, 9024, 4325, 7056, 7871, 9526, 7446, 4429, 6160, 9456, 4159, 2972, 8327, 3389, 4853, 5516, 4262, 1646]
