i: 1, Target: 0, n: 1, solution: False, time: 3.0117999999967893e-05, instance: 
[1]
i: 2, Target: 0, n: 2, solution: False, time: 1.3685999999957232e-05, instance: 
[1, 1]
i: 3, Target: 0, n: 3, solution: False, time: 4.2518999999963114e-05, instance: 
[1, 1, 1]
i: 4, Target: 0, n: 4, solution: False, time: 0.00010424100000006042, instance: 
[1, 1, 1, 1]
i: 5, Target: 0, n: 5, solution: False, time: 0.00011666700000012575, instance: 
[1, 1, 1, 1, 1]
i: 6, Target: 0, n: 6, solution: False, time: 0.0003172630000001231, instance: 
[1, 1, 1, 1, 1, 1]
i: 7, Target: 0, n: 7, solution: False, time: 0.00041454299999998945, instance: 
[1, 1, 1, 1, 1, 1, 1]
i: 8, Target: 0, n: 8, solution: False, time: 0.0007899410000000717, instance: 
[1, 1, 1, 1, 1, 1, 1, 1]
i: 9, Target: 0, n: 9, solution: False, time: 0.0012011509999998449, instance: 
[1, 1, 1, 1, 1, 1, 1, 1, 1]
i: 10, Target: 0, n: 10, solution: False, time: 0.0024496000000000517, instance: 
[1, 1, 1, 1, 1, 1, 1, 1, 1, 1]
i: 11, Target: 0, n: 11, solution: False, time: 0.005145484999999894, instance: 
[1, 1, 1, 1, 1, 1, 1, 1, 1, 1, 1]
i: 12, Target: 0, n: 12, solution: False, time: 0.02536220499999997, instance: 
[1, 1, 1, 1, 1, 1, 1, 1, 1, 1, 1, 1]
i: 13, Target: 0, n: 13, solution: False, time: 0.021795512999999822, instance: 
[1, 1, 1, 1, 1, 1, 1, 1, 1, 1, 1, 1, 1]
i: 14, Target: 0, n: 14, solution: False, time: 0.04123256899999994, instance: 
[1, 1, 1, 1, 1, 1, 1, 1, 1, 1, 1, 1, 1, 1]
i: 15, Target: 0, n: 15, solution: False, time: 0.0823470879999999, instance: 
[1, 1, 1, 1, 1, 1, 1, 1, 1, 1, 1, 1, 1, 1, 1]
i: 16, Target: 0, n: 16, solution: False, time: 0.15396153599999995, instance: 
[1, 1, 1, 1, 1, 1, 1, 1, 1, 1, 1, 1, 1, 1, 1, 1]
i: 17, Target: 0, n: 17, solution: False, time: 0.3197981440000002, instance: 
[1, 1, 1, 1, 1, 1, 1, 1, 1, 1, 1, 1, 1, 1, 1, 1, 1]
i: 18, Target: 0, n: 18, solution: False, time: 0.6565974539999999, instance: 
[1, 1, 1, 1, 1, 1, 1, 1, 1, 1, 1, 1, 1, 1, 1, 1, 1, 1]
i: 19, Target: 0, n: 19, solution: False, time: 1.3105032429999999, instance: 
[1, 1, 1, 1, 1, 1, 1, 1, 1, 1, 1, 1, 1, 1, 1, 1, 1, 1, 1]
i: 20, Target: 0, n: 20, solution: False, time: 3.049857481, instance: 
[1, 1, 1, 1, 1, 1, 1, 1, 1, 1, 1, 1, 1, 1, 1, 1, 1, 1, 1, 1]
i: 21, Target: 0, n: 21, solution: False, time: 6.63793109, instance: 
[1, 1, 1, 1, 1, 1, 1, 1, 1, 1, 1, 1, 1, 1, 1, 1, 1, 1, 1, 1, 1]
i: 22, Target: 0, n: 22, solution: False, time: 16.679260732, instance: 
[1, 1, 1, 1, 1, 1, 1, 1, 1, 1, 1, 1, 1, 1, 1, 1, 1, 1, 1, 1, 1, 1]
i: 23, Target: 0, n: 23, solution: False, time: 26.831749119999998, instance: 
[1, 1, 1, 1, 1, 1, 1, 1, 1, 1, 1, 1, 1, 1, 1, 1, 1, 1, 1, 1, 1, 1, 1]
i: 24, Target: 0, n: 24, solution: False, time: 44.698052542000006, instance: 
[1, 1, 1, 1, 1, 1, 1, 1, 1, 1, 1, 1, 1, 1, 1, 1, 1, 1, 1, 1, 1, 1, 1, 1]
i: 25, Target: 0, n: 25, solution: False, time: 130.442504595, instance: 
[1, 1, 1, 1, 1, 1, 1, 1, 1, 1, 1, 1, 1, 1, 1, 1, 1, 1, 1, 1, 1, 1, 1, 1, 1]
i: 26, Target: 0, n: 26, solution: False, time: 170.47370801900001, instance: 
[1, 1, 1, 1, 1, 1, 1, 1, 1, 1, 1, 1, 1, 1, 1, 1, 1, 1, 1, 1, 1, 1, 1, 1, 1, 1]
i: 27, Target: 0, n: 27, solution: False, time: 330.35767787400005, instance: 
[1, 1, 1, 1, 1, 1, 1, 1, 1, 1, 1, 1, 1, 1, 1, 1, 1, 1, 1, 1, 1, 1, 1, 1, 1, 1, 1]
i: 28, Target: 0, n: 28, solution: False, time: 600.0000667090001, instance: 
[1, 1, 1, 1, 1, 1, 1, 1, 1, 1, 1, 1, 1, 1, 1, 1, 1, 1, 1, 1, 1, 1, 1, 1, 1, 1, 1, 1]
i: 29, Target: 0, n: 29, solution: False, time: 600.0001752580001, instance: 
[1, 1, 1, 1, 1, 1, 1, 1, 1, 1, 1, 1, 1, 1, 1, 1, 1, 1, 1, 1, 1, 1, 1, 1, 1, 1, 1, 1, 1]
i: 30, Target: 1, n: 20, solution: True, time: 0.00012009400006718352, instance: 
[0, 0, 0, 0, 0, 0, 0, 0, 0, 0, 0, 0, 0, 0, 1, 0, 0, 0, 0, 0]
i: 31, Target: 2, n: 20, solution: True, time: 1.9686150420000104, instance: 
[1, 0, 0, 1, 0, 0, 0, 0, 0, 0, 0, 0, 0, 0, 0, 0, 0, 0, 0, 0]
i: 32, Target: 3, n: 20, solution: True, time: 1.0876513320001777, instance: 
[0, 1, 1, 0, 0, 0, 0, 0, 0, 0, 0, 0, 0, 0, 0, 0, 0, 0, 1, 0]
i: 33, Target: 4, n: 20, solution: True, time: 0.5333051939999223, instance: 
[0, 0, 1, 1, 0, 0, 0, 1, 0, 0, 0, 1, 0, 0, 0, 0, 0, 0, 0, 0]
i: 34, Target: 5, n: 20, solution: True, time: 1.364017929000056, instance: 
[1, 0, 0, 0, 0, 0, 0, 0, 0, 0, 0, 1, 0, 0, 0, 1, 0, 0, 1, 1]
i: 35, Target: 6, n: 20, solution: True, time: 0.49182470299979286, instance: 
[0, 0, 1, 0, 1, 1, 0, 0, 0, 0, 0, 1, 0, 0, 1, 0, 0, 0, 0, 1]
i: 36, Target: 7, n: 20, solution: True, time: 2.590674001000025, instance: 
[1, 1, 0, 1, 0, 0, 0, 1, 0, 0, 1, 0, 0, 0, 0, 1, 1, 0, 0, 0]
i: 37, Target: 8, n: 20, solution: True, time: 1.339836754000089, instance: 
[0, 1, 1, 0, 1, 0, 0, 0, 1, 0, 0, 0, 0, 1, 1, 0, 0, 1, 0, 1]
i: 38, Target: 9, n: 20, solution: True, time: 0.6647150920000513, instance: 
[0, 0, 1, 1, 0, 0, 0, 1, 1, 1, 1, 1, 0, 0, 1, 1, 0, 0, 0, 0]
i: 39, Target: 10, n: 20, solution: True, time: 2.1996279699999377, instance: 
[1, 0, 1, 0, 0, 1, 0, 1, 0, 0, 1, 1, 0, 0, 0, 0, 1, 1, 1, 1]
i: 40, Target: 11, n: 20, solution: True, time: 3.1286732080000093, instance: 
[1, 1, 1, 1, 0, 1, 0, 0, 1, 0, 0, 0, 1, 0, 1, 1, 1, 1, 0, 0]
i: 41, Target: 12, n: 20, solution: True, time: 2.41101152300007, instance: 
[1, 0, 1, 1, 1, 0, 1, 1, 0, 1, 1, 1, 0, 1, 0, 0, 1, 1, 0, 0]
i: 42, Target: 13, n: 20, solution: True, time: 1.6951194279999982, instance: 
[1, 0, 0, 0, 1, 1, 1, 1, 1, 1, 1, 1, 0, 0, 1, 0, 0, 1, 1, 1]
i: 43, Target: 14, n: 20, solution: True, time: 1.5560746589999326, instance: 
[0, 1, 1, 0, 1, 1, 1, 0, 1, 1, 1, 0, 1, 0, 1, 1, 1, 0, 1, 1]
i: 44, Target: 15, n: 20, solution: True, time: 1.7452821959998346, instance: 
[0, 1, 1, 1, 1, 1, 1, 0, 1, 1, 0, 1, 1, 1, 0, 1, 1, 0, 1, 1]
i: 45, Target: 16, n: 20, solution: True, time: 3.183387122999875, instance: 
[1, 1, 1, 1, 1, 1, 1, 0, 1, 0, 1, 1, 1, 0, 1, 1, 0, 1, 1, 1]
i: 46, Target: 17, n: 20, solution: True, time: 1.6179549419998693, instance: 
[0, 1, 1, 1, 1, 1, 1, 1, 1, 1, 0, 1, 1, 1, 1, 1, 1, 0, 1, 1]
i: 47, Target: 18, n: 20, solution: True, time: 3.3555576080000264, instance: 
[1, 1, 1, 0, 1, 1, 1, 1, 1, 1, 1, 0, 1, 1, 1, 1, 1, 1, 1, 1]
i: 48, Target: 19, n: 20, solution: True, time: 3.478622421000182, instance: 
[1, 1, 1, 1, 1, 1, 1, 0, 1, 1, 1, 1, 1, 1, 1, 1, 1, 1, 1, 1]
i: 49, Target: 20, n: 20, solution: True, time: 3.0510737849999714, instance: 
[1, 1, 1, 1, 1, 1, 1, 1, 1, 1, 1, 1, 1, 1, 1, 1, 1, 1, 1, 1]
i: 50, Target: 12500.0, n: 15, solution: False, time: 0.20121906999997918, instance: 
[3178 3692 1019 6605 6104 3695 7181 2362  235 8058 7485 9323 6540 7111
 2303]
i: 51, Target: 12750.0, n: 16, solution: False, time: 0.45773601399992003, instance: 
[3536  997 3644 8817 8835 1893 4414 1462 1731 2852  385 5747 5758 8480
  923 7239]
i: 52, Target: 13000.0, n: 17, solution: False, time: 0.9366382079999767, instance: 
[2125 8447 9160 9324 9158 7338 8916 4935 1203 5496 3730 5375 3232 6903
 4498 4536 7757]
i: 53, Target: 13250.0, n: 18, solution: False, time: 1.7128195720001713, instance: 
[4961 1373 5821 2683 7231 5379 1047 3158 3547 9422 6441 6411 8868 8156
 1577 4614 8533 5950]
i: 54, Target: 13500.0, n: 19, solution: False, time: 3.678186821000054, instance: 
[7605 8542  710 2274 7757 3654  305 1182 4885 7561 5985 3843 7462 5547
 7316 8306 9003 8350 3242]
i: 55, Target: 13750.0, n: 20, solution: True, time: 6.797519111999918, instance: 
[4419 2007 4997 1291  380 5830 4565 4399 8547  200 1948 4287 7921 9343
 1216 5232  495 1869 3289 7298]
i: 56, Target: 14000.0, n: 21, solution: False, time: 15.677059079000173, instance: 
[7295 8589 6313 5548 1764   39 3743 5880 5409 3021 4100 7395 9825 3287
 4428 6345 4419 8421 2975 3839 7606]
i: 57, Target: 14250.0, n: 22, solution: True, time: 17.204894185000057, instance: 
[6847 5506 9472 4473  985 7483 8202  828 3755 8091 7462 1779 5825 2112
 5738 6094 4681 7800 5590 4276 3959 9221]
i: 58, Target: 14500.0, n: 23, solution: True, time: 31.565463085000147, instance: 
[2416  885 9250 6028 1906 7759 6348 2404 2054 3796  598 2436  680 7392
 6247 3706 8421 8502 8659  443 9205 3103 9759]
i: 59, Target: 14750.0, n: 24, solution: True, time: 6.415715034000186, instance: 
[7214 9786 3392 7760   62  987 3133 6869 7945 8758 1341  888 5861 2148
   68 8602 2120 8923 9301 4143 3393 9390 3834 3558]
i: 60, Target: 15000.0, n: 25, solution: False, time: 228.50377273199956, instance: 
[1863  650 7979 2849  167 5357 7693 7433 9199 4604 5469 3899 4631 7056
 4258 8669 9655 6220 8172 6432 9442 1943 6516 7049 3674]
i: 61, Target: 15250.0, n: 26, solution: False, time: 497.2114384219999, instance: 
[9274 6692 9871 7893  607 2533 1367 5317 6938 6011 4193 5462 8202 8469
 5220 2099 3817 2198 4670 8615 6755 7353 5515 3054 9487 6527]
i: 62, Target: 15500.0, n: 27, solution: True, time: 0.5336713399997279, instance: 
[6447  838 5336 2012 4043 2530 7491 9636 3534 4393 6671 7648 2301 6528
 4698 7101 3408  712 9872 7713 1047 4866 4949 2295 5109 8450 5360]
i: 63, Target: 15750.0, n: 28, solution: False, time: 600.0001437720002, instance: 
[8256 5615 9549 6516 5436 8071 8956 7390 5177 4430 7332 5317 5624 1239
 9039  889 3726 7348 7717 8901 6809 2147 4023 4228 1034 8303 1051 9564]
i: 64, Target: 16000.0, n: 29, solution: True, time: 0.4321500969999761, instance: 
[9116  743 2030 9660 6642 2092  987 7292 2420 8037 9386 5774 2505 7327
 8100 1406 4323 1009 4072 2553 5028 7968 1862 4562 6612 3533 4519 4536
 4027]
i: 65, Target: 6160, n: 15, solution: False, time: 0.077462086000196, instance: 
[9329, 302, 912, 8317, 1724, 9721, 4978, 7804, 9024, 4325, 7056, 7871, 9526, 7446, 4429]
i: 66, Target: 9456, n: 16, solution: False, time: 0.1582306459999927, instance: 
[9329, 302, 912, 8317, 1724, 9721, 4978, 7804, 9024, 4325, 7056, 7871, 9526, 7446, 4429, 6160]
i: 67, Target: 4159, n: 17, solution: False, time: 0.3080523860003268, instance: 
[9329, 302, 912, 8317, 1724, 9721, 4978, 7804, 9024, 4325, 7056, 7871, 9526, 7446, 4429, 6160, 9456]
i: 68, Target: 2972, n: 18, solution: False, time: 0.6320776239999759, instance: 
[9329, 302, 912, 8317, 1724, 9721, 4978, 7804, 9024, 4325, 7056, 7871, 9526, 7446, 4429, 6160, 9456, 4159]
i: 69, Target: 8327, n: 19, solution: False, time: 1.2539541190003547, instance: 
[9329, 302, 912, 8317, 1724, 9721, 4978, 7804, 9024, 4325, 7056, 7871, 9526, 7446, 4429, 6160, 9456, 4159, 2972]
i: 70, Target: 3389, n: 20, solution: False, time: 2.526236167999741, instance: 
[9329, 302, 912, 8317, 1724, 9721, 4978, 7804, 9024, 4325, 7056, 7871, 9526, 7446, 4429, 6160, 9456, 4159, 2972, 8327]
i: 71, Target: 4853, n: 21, solution: False, time: 5.070497699000043, instance: 
[9329, 302, 912, 8317, 1724, 9721, 4978, 7804, 9024, 4325, 7056, 7871, 9526, 7446, 4429, 6160, 9456, 4159, 2972, 8327, 3389]
i: 72, Target: 5516, n: 22, solution: False, time: 10.07047646700039, instance: 
[9329, 302, 912, 8317, 1724, 9721, 4978, 7804, 9024, 4325, 7056, 7871, 9526, 7446, 4429, 6160, 9456, 4159, 2972, 8327, 3389, 4853]
i: 73, Target: 4262, n: 23, solution: False, time: 20.111781658000382, instance: 
[9329, 302, 912, 8317, 1724, 9721, 4978, 7804, 9024, 4325, 7056, 7871, 9526, 7446, 4429, 6160, 9456, 4159, 2972, 8327, 3389, 4853, 5516]
i: 74, Target: 1646, n: 24, solution: False, time: 40.30268593400024, instance: 
[9329, 302, 912, 8317, 1724, 9721, 4978, 7804, 9024, 4325, 7056, 7871, 9526, 7446, 4429, 6160, 9456, 4159, 2972, 8327, 3389, 4853, 5516, 4262]
i: 75, Target: 7093, n: 25, solution: False, time: 92.070840546, instance: 
[9329, 302, 912, 8317, 1724, 9721, 4978, 7804, 9024, 4325, 7056, 7871, 9526, 7446, 4429, 6160, 9456, 4159, 2972, 8327, 3389, 4853, 5516, 4262, 1646]
i: 76, Target: 3106, n: 26, solution: False, time: 189.63555468100003, instance: 
[9329, 302, 912, 8317, 1724, 9721, 4978, 7804, 9024, 4325, 7056, 7871, 9526, 7446, 4429, 6160, 9456, 4159, 2972, 8327, 3389, 4853, 5516, 4262, 1646, 7093]
i: 77, Target: 6472, n: 27, solution: False, time: 371.72456775499995, instance: 
[9329, 302, 912, 8317, 1724, 9721, 4978, 7804, 9024, 4325, 7056, 7871, 9526, 7446, 4429, 6160, 9456, 4159, 2972, 8327, 3389, 4853, 5516, 4262, 1646, 7093, 3106]
i: 78, Target: 8867, n: 28, solution: False, time: 600.0000831699999, instance: 
[9329, 302, 912, 8317, 1724, 9721, 4978, 7804, 9024, 4325, 7056, 7871, 9526, 7446, 4429, 6160, 9456, 4159, 2972, 8327, 3389, 4853, 5516, 4262, 1646, 7093, 3106, 6472]
i: 79, Target: 6236, n: 29, solution: False, time: 600.0001957289996, instance: 
[9329, 302, 912, 8317, 1724, 9721, 4978, 7804, 9024, 4325, 7056, 7871, 9526, 7446, 4429, 6160, 9456, 4159, 2972, 8327, 3389, 4853, 5516, 4262, 1646, 7093, 3106, 6472, 8867]
i: 80, Target: 4230100566, n: 20, solution: False, time: 3.101321764000204, instance: 
[1692611900, 2237519610, 3443012648, 716709013, 1537529778, 1509390951, 3619574626, 94204160, 3614463460, 3352306294, 865532988, 170530019, 1250881956, 2454120508, 2328827740, 1905165571, 1626492697, 3436353932, 4142384293, 582276472]
i: 81, Target: 277069428, n: 21, solution: False, time: 6.0988310129996535, instance: 
[1692611900, 2237519610, 3443012648, 716709013, 1537529778, 1509390951, 3619574626, 94204160, 3614463460, 3352306294, 865532988, 170530019, 1250881956, 2454120508, 2328827740, 1905165571, 1626492697, 3436353932, 4142384293, 582276472, 4230100566]
i: 82, Target: 2934241198, n: 22, solution: False, time: 13.15824516199973, instance: 
[1692611900, 2237519610, 3443012648, 716709013, 1537529778, 1509390951, 3619574626, 94204160, 3614463460, 3352306294, 865532988, 170530019, 1250881956, 2454120508, 2328827740, 1905165571, 1626492697, 3436353932, 4142384293, 582276472, 4230100566, 277069428]
i: 83, Target: 1696434625, n: 23, solution: False, time: 25.534646487000828, instance: 
[1692611900, 2237519610, 3443012648, 716709013, 1537529778, 1509390951, 3619574626, 94204160, 3614463460, 3352306294, 865532988, 170530019, 1250881956, 2454120508, 2328827740, 1905165571, 1626492697, 3436353932, 4142384293, 582276472, 4230100566, 277069428, 2934241198]
i: 84, Target: 2633880204, n: 24, solution: False, time: 56.26096571100061, instance: 
[1692611900, 2237519610, 3443012648, 716709013, 1537529778, 1509390951, 3619574626, 94204160, 3614463460, 3352306294, 865532988, 170530019, 1250881956, 2454120508, 2328827740, 1905165571, 1626492697, 3436353932, 4142384293, 582276472, 4230100566, 277069428, 2934241198, 1696434625]
i: 85, Target: 3273546516, n: 25, solution: False, time: 113.10243248299957, instance: 
[1692611900, 2237519610, 3443012648, 716709013, 1537529778, 1509390951, 3619574626, 94204160, 3614463460, 3352306294, 865532988, 170530019, 1250881956, 2454120508, 2328827740, 1905165571, 1626492697, 3436353932, 4142384293, 582276472, 4230100566, 277069428, 2934241198, 1696434625, 2633880204]
i: 86, Target: 2380910189, n: 26, solution: False, time: 201.84928269899956, instance: 
[1692611900, 2237519610, 3443012648, 716709013, 1537529778, 1509390951, 3619574626, 94204160, 3614463460, 3352306294, 865532988, 170530019, 1250881956, 2454120508, 2328827740, 1905165571, 1626492697, 3436353932, 4142384293, 582276472, 4230100566, 277069428, 2934241198, 1696434625, 2633880204, 3273546516]
i: 87, Target: 598630825, n: 27, solution: False, time: 359.60736276700027, instance: 
[1692611900, 2237519610, 3443012648, 716709013, 1537529778, 1509390951, 3619574626, 94204160, 3614463460, 3352306294, 865532988, 170530019, 1250881956, 2454120508, 2328827740, 1905165571, 1626492697, 3436353932, 4142384293, 582276472, 4230100566, 277069428, 2934241198, 1696434625, 2633880204, 3273546516, 2380910189]
i: 88, Target: 1503135148, n: 28, solution: False, time: 600.0001706610001, instance: 
[1692611900, 2237519610, 3443012648, 716709013, 1537529778, 1509390951, 3619574626, 94204160, 3614463460, 3352306294, 865532988, 170530019, 1250881956, 2454120508, 2328827740, 1905165571, 1626492697, 3436353932, 4142384293, 582276472, 4230100566, 277069428, 2934241198, 1696434625, 2633880204, 3273546516, 2380910189, 598630825]
i: 89, Target: 3392306130, n: 29, solution: False, time: 600.0000744079998, instance: 
[1692611900, 2237519610, 3443012648, 716709013, 1537529778, 1509390951, 3619574626, 94204160, 3614463460, 3352306294, 865532988, 170530019, 1250881956, 2454120508, 2328827740, 1905165571, 1626492697, 3436353932, 4142384293, 582276472, 4230100566, 277069428, 2934241198, 1696434625, 2633880204, 3273546516, 2380910189, 598630825, 1503135148]
i: 90, Target: 2656174599, n: 20, solution: False, time: 2.757081396999638, instance: 
[3127730451, 3280302934, 2576356029, 1152136440, 2189456375, 1581793514, 651262785, 3045530540, 4246594331, 756235710, 949012997, 2261005216, 1268208255, 1818475986, 77808393, 290451668, 2082907683, 704795942, 2637195853, 3821274952]
i: 91, Target: 639031226, n: 21, solution: False, time: 6.156194893000247, instance: 
[3127730451, 3280302934, 2576356029, 1152136440, 2189456375, 1581793514, 651262785, 3045530540, 4246594331, 756235710, 949012997, 2261005216, 1268208255, 1818475986, 77808393, 290451668, 2082907683, 704795942, 2637195853, 3821274952, 2656174599]
i: 92, Target: 1454769105, n: 22, solution: False, time: 12.510461316000146, instance: 
[3127730451, 3280302934, 2576356029, 1152136440, 2189456375, 1581793514, 651262785, 3045530540, 4246594331, 756235710, 949012997, 2261005216, 1268208255, 1818475986, 77808393, 290451668, 2082907683, 704795942, 2637195853, 3821274952, 2656174599, 639031226]
i: 93, Target: 2291886844, n: 23, solution: False, time: 26.167151325000304, instance: 
[3127730451, 3280302934, 2576356029, 1152136440, 2189456375, 1581793514, 651262785, 3045530540, 4246594331, 756235710, 949012997, 2261005216, 1268208255, 1818475986, 77808393, 290451668, 2082907683, 704795942, 2637195853, 3821274952, 2656174599, 639031226, 1454769105]
i: 94, Target: 2341456427, n: 24, solution: False, time: 57.1491078680001, instance: 
[3127730451, 3280302934, 2576356029, 1152136440, 2189456375, 1581793514, 651262785, 3045530540, 4246594331, 756235710, 949012997, 2261005216, 1268208255, 1818475986, 77808393, 290451668, 2082907683, 704795942, 2637195853, 3821274952, 2656174599, 639031226, 1454769105, 2291886844]
i: 95, Target: 1534876046, n: 25, solution: False, time: 104.60461639100049, instance: 
[3127730451, 3280302934, 2576356029, 1152136440, 2189456375, 1581793514, 651262785, 3045530540, 4246594331, 756235710, 949012997, 2261005216, 1268208255, 1818475986, 77808393, 290451668, 2082907683, 704795942, 2637195853, 3821274952, 2656174599, 639031226, 1454769105, 2291886844, 2341456427]
i: 96, Target: 743183253, n: 26, solution: False, time: 212.5613865109999, instance: 
[3127730451, 3280302934, 2576356029, 1152136440, 2189456375, 1581793514, 651262785, 3045530540, 4246594331, 756235710, 949012997, 2261005216, 1268208255, 1818475986, 77808393, 290451668, 2082907683, 704795942, 2637195853, 3821274952, 2656174599, 639031226, 1454769105, 2291886844, 2341456427, 1534876046]
i: 97, Target: 3047575536, n: 27, solution: False, time: 415.08638037000037, instance: 
[3127730451, 3280302934, 2576356029, 1152136440, 2189456375, 1581793514, 651262785, 3045530540, 4246594331, 756235710, 949012997, 2261005216, 1268208255, 1818475986, 77808393, 290451668, 2082907683, 704795942, 2637195853, 3821274952, 2656174599, 639031226, 1454769105, 2291886844, 2341456427, 1534876046, 743183253]
i: 98, Target: 2284495503, n: 28, solution: False, time: 600.0001346460003, instance: 
[3127730451, 3280302934, 2576356029, 1152136440, 2189456375, 1581793514, 651262785, 3045530540, 4246594331, 756235710, 949012997, 2261005216, 1268208255, 1818475986, 77808393, 290451668, 2082907683, 704795942, 2637195853, 3821274952, 2656174599, 639031226, 1454769105, 2291886844, 2341456427, 1534876046, 743183253, 3047575536]
i: 99, Target: 55914146, n: 29, solution: False, time: 600.0001835420007, instance: 
[3127730451, 3280302934, 2576356029, 1152136440, 2189456375, 1581793514, 651262785, 3045530540, 4246594331, 756235710, 949012997, 2261005216, 1268208255, 1818475986, 77808393, 290451668, 2082907683, 704795942, 2637195853, 3821274952, 2656174599, 639031226, 1454769105, 2291886844, 2341456427, 1534876046, 743183253, 3047575536, 2284495503]
