i: 1, Target: 0, n: 1, solution: False, time: 1.2198000000074316e-05, instance: 
[1]
i: 2, Target: 0, n: 2, solution: False, time: 1.4736000000015181e-05, instance: 
[1, 1]
i: 3, Target: 0, n: 3, solution: False, time: 2.7795999999913334e-05, instance: 
[1, 1, 1]
i: 4, Target: 0, n: 4, solution: False, time: 4.1195999999965593e-05, instance: 
[1, 1, 1, 1]
i: 5, Target: 0, n: 5, solution: False, time: 8.25180000000314e-05, instance: 
[1, 1, 1, 1, 1]
i: 6, Target: 0, n: 6, solution: False, time: 0.0002349950000000156, instance: 
[1, 1, 1, 1, 1, 1]
i: 7, Target: 0, n: 7, solution: False, time: 0.00030151099999997655, instance: 
[1, 1, 1, 1, 1, 1, 1]
i: 8, Target: 0, n: 8, solution: False, time: 0.0006870140000000413, instance: 
[1, 1, 1, 1, 1, 1, 1, 1]
i: 9, Target: 0, n: 9, solution: False, time: 0.00129138800000006, instance: 
[1, 1, 1, 1, 1, 1, 1, 1, 1]
i: 10, Target: 0, n: 10, solution: False, time: 0.0025573829999999687, instance: 
[1, 1, 1, 1, 1, 1, 1, 1, 1, 1]
i: 11, Target: 0, n: 11, solution: False, time: 0.0052060520000000166, instance: 
[1, 1, 1, 1, 1, 1, 1, 1, 1, 1, 1]
i: 12, Target: 0, n: 12, solution: False, time: 0.025622424000000033, instance: 
[1, 1, 1, 1, 1, 1, 1, 1, 1, 1, 1, 1]
i: 13, Target: 0, n: 13, solution: False, time: 0.021490295999999964, instance: 
[1, 1, 1, 1, 1, 1, 1, 1, 1, 1, 1, 1, 1]
i: 14, Target: 0, n: 14, solution: False, time: 0.04159855300000004, instance: 
[1, 1, 1, 1, 1, 1, 1, 1, 1, 1, 1, 1, 1, 1]
i: 15, Target: 0, n: 15, solution: False, time: 0.082664874, instance: 
[1, 1, 1, 1, 1, 1, 1, 1, 1, 1, 1, 1, 1, 1, 1]
i: 16, Target: 0, n: 16, solution: False, time: 0.1595096989999999, instance: 
[1, 1, 1, 1, 1, 1, 1, 1, 1, 1, 1, 1, 1, 1, 1, 1]
i: 17, Target: 0, n: 17, solution: False, time: 0.36291031100000004, instance: 
[1, 1, 1, 1, 1, 1, 1, 1, 1, 1, 1, 1, 1, 1, 1, 1, 1]
i: 18, Target: 0, n: 18, solution: False, time: 0.785607994, instance: 
[1, 1, 1, 1, 1, 1, 1, 1, 1, 1, 1, 1, 1, 1, 1, 1, 1, 1]
i: 19, Target: 0, n: 19, solution: False, time: 1.4304145369999999, instance: 
[1, 1, 1, 1, 1, 1, 1, 1, 1, 1, 1, 1, 1, 1, 1, 1, 1, 1, 1]
i: 20, Target: 0, n: 20, solution: False, time: 2.6600482779999997, instance: 
[1, 1, 1, 1, 1, 1, 1, 1, 1, 1, 1, 1, 1, 1, 1, 1, 1, 1, 1, 1]
i: 21, Target: 0, n: 21, solution: False, time: 5.490198705, instance: 
[1, 1, 1, 1, 1, 1, 1, 1, 1, 1, 1, 1, 1, 1, 1, 1, 1, 1, 1, 1, 1]
i: 22, Target: 0, n: 22, solution: False, time: 10.200819270999999, instance: 
[1, 1, 1, 1, 1, 1, 1, 1, 1, 1, 1, 1, 1, 1, 1, 1, 1, 1, 1, 1, 1, 1]
i: 23, Target: 0, n: 23, solution: False, time: 19.777943909, instance: 
[1, 1, 1, 1, 1, 1, 1, 1, 1, 1, 1, 1, 1, 1, 1, 1, 1, 1, 1, 1, 1, 1, 1]
i: 24, Target: 0, n: 24, solution: False, time: 39.29133945299999, instance: 
[1, 1, 1, 1, 1, 1, 1, 1, 1, 1, 1, 1, 1, 1, 1, 1, 1, 1, 1, 1, 1, 1, 1, 1]
i: 25, Target: 0, n: 25, solution: False, time: 60.000074995999995, instance: 
[1, 1, 1, 1, 1, 1, 1, 1, 1, 1, 1, 1, 1, 1, 1, 1, 1, 1, 1, 1, 1, 1, 1, 1, 1]
i: 26, Target: 0, n: 26, solution: False, time: 60.000093942999996, instance: 
[1, 1, 1, 1, 1, 1, 1, 1, 1, 1, 1, 1, 1, 1, 1, 1, 1, 1, 1, 1, 1, 1, 1, 1, 1, 1]
i: 27, Target: 0, n: 27, solution: False, time: 60.000091457000025, instance: 
[1, 1, 1, 1, 1, 1, 1, 1, 1, 1, 1, 1, 1, 1, 1, 1, 1, 1, 1, 1, 1, 1, 1, 1, 1, 1, 1]
i: 28, Target: 0, n: 28, solution: False, time: 60.00011912300005, instance: 
[1, 1, 1, 1, 1, 1, 1, 1, 1, 1, 1, 1, 1, 1, 1, 1, 1, 1, 1, 1, 1, 1, 1, 1, 1, 1, 1, 1]
i: 29, Target: 0, n: 29, solution: False, time: 60.00017754999999, instance: 
[1, 1, 1, 1, 1, 1, 1, 1, 1, 1, 1, 1, 1, 1, 1, 1, 1, 1, 1, 1, 1, 1, 1, 1, 1, 1, 1, 1, 1]
i: 30, Target: 1, n: 20, solution: True, time: 8.763799996813759e-05, instance: 
[0, 0, 0, 0, 0, 0, 0, 0, 0, 0, 0, 0, 0, 0, 1, 0, 0, 0, 0, 0]
i: 31, Target: 2, n: 20, solution: True, time: 1.445700382000041, instance: 
[1, 0, 0, 1, 0, 0, 0, 0, 0, 0, 0, 0, 0, 0, 0, 0, 0, 0, 0, 0]
i: 32, Target: 3, n: 20, solution: True, time: 0.9662897380000004, instance: 
[0, 1, 1, 0, 0, 0, 0, 0, 0, 0, 0, 0, 0, 0, 0, 0, 0, 0, 1, 0]
i: 33, Target: 4, n: 20, solution: True, time: 0.4941698929999916, instance: 
[0, 0, 1, 1, 0, 0, 0, 1, 0, 0, 0, 1, 0, 0, 0, 0, 0, 0, 0, 0]
i: 34, Target: 5, n: 20, solution: True, time: 1.2314478960000201, instance: 
[1, 0, 0, 0, 0, 0, 0, 0, 0, 0, 0, 1, 0, 0, 0, 1, 0, 0, 1, 1]
i: 35, Target: 6, n: 20, solution: True, time: 0.45088643299999376, instance: 
[0, 0, 1, 0, 1, 1, 0, 0, 0, 0, 0, 1, 0, 0, 1, 0, 0, 0, 0, 1]
i: 36, Target: 7, n: 20, solution: True, time: 2.0624869840000315, instance: 
[1, 1, 0, 1, 0, 0, 0, 1, 0, 0, 1, 0, 0, 0, 0, 1, 1, 0, 0, 0]
i: 37, Target: 8, n: 20, solution: True, time: 1.0052943610000398, instance: 
[0, 1, 1, 0, 1, 0, 0, 0, 1, 0, 0, 0, 0, 1, 1, 0, 0, 1, 0, 1]
i: 38, Target: 9, n: 20, solution: True, time: 0.48016983999997365, instance: 
[0, 0, 1, 1, 0, 0, 0, 1, 1, 1, 1, 1, 0, 0, 1, 1, 0, 0, 0, 0]
i: 39, Target: 10, n: 20, solution: True, time: 1.5985314680000329, instance: 
[1, 0, 1, 0, 0, 1, 0, 1, 0, 0, 1, 1, 0, 0, 0, 0, 1, 1, 1, 1]
i: 40, Target: 11, n: 20, solution: True, time: 2.4142453479999517, instance: 
[1, 1, 1, 1, 0, 1, 0, 0, 1, 0, 0, 0, 1, 0, 1, 1, 1, 1, 0, 0]
i: 41, Target: 12, n: 20, solution: True, time: 1.8377823589999593, instance: 
[1, 0, 1, 1, 1, 0, 1, 1, 0, 1, 1, 1, 0, 1, 0, 0, 1, 1, 0, 0]
i: 42, Target: 13, n: 20, solution: True, time: 1.3790297229999737, instance: 
[1, 0, 0, 0, 1, 1, 1, 1, 1, 1, 1, 1, 0, 0, 1, 0, 0, 1, 1, 1]
i: 43, Target: 14, n: 20, solution: True, time: 1.094973503999995, instance: 
[0, 1, 1, 0, 1, 1, 1, 0, 1, 1, 1, 0, 1, 0, 1, 1, 1, 0, 1, 1]
i: 44, Target: 15, n: 20, solution: True, time: 1.261420366999971, instance: 
[0, 1, 1, 1, 1, 1, 1, 0, 1, 1, 0, 1, 1, 1, 0, 1, 1, 0, 1, 1]
i: 45, Target: 16, n: 20, solution: True, time: 2.7079055560000143, instance: 
[1, 1, 1, 1, 1, 1, 1, 0, 1, 0, 1, 1, 1, 0, 1, 1, 0, 1, 1, 1]
i: 46, Target: 17, n: 20, solution: True, time: 1.4761906939999676, instance: 
[0, 1, 1, 1, 1, 1, 1, 1, 1, 1, 0, 1, 1, 1, 1, 1, 1, 0, 1, 1]
i: 47, Target: 18, n: 20, solution: True, time: 2.3426343900000006, instance: 
[1, 1, 1, 0, 1, 1, 1, 1, 1, 1, 1, 0, 1, 1, 1, 1, 1, 1, 1, 1]
i: 48, Target: 19, n: 20, solution: True, time: 2.473558204000028, instance: 
[1, 1, 1, 1, 1, 1, 1, 0, 1, 1, 1, 1, 1, 1, 1, 1, 1, 1, 1, 1]
i: 49, Target: 20, n: 20, solution: True, time: 2.470954129000006, instance: 
[1, 1, 1, 1, 1, 1, 1, 1, 1, 1, 1, 1, 1, 1, 1, 1, 1, 1, 1, 1]
i: 50, Target: 12500.0, n: 15, solution: False, time: 0.17294784799997842, instance: 
[6071 2390  573 8767 8245 4206 7411 9332  628 9829 5665 6728 6859 2848
 9978]
i: 51, Target: 12750.0, n: 16, solution: False, time: 0.33875267400003395, instance: 
[1549 3283 8712 2040  245 2630 9686 3337 4360  744 7035 3002 7555  106
 2712 8378]
i: 52, Target: 13000.0, n: 17, solution: True, time: 0.005832094000027155, instance: 
[5550 5029 7176 4025 1602 7295  365 1986 6643  106 3648 6198 1525 7547
 5527 3712 3750]
i: 53, Target: 13250.0, n: 18, solution: False, time: 1.3364126550000037, instance: 
[9163 5803 6642 3834 6098 4410 2608 2563 9896 2136 9254 9011 9059  817
 9004 2591 7914 3752]
i: 54, Target: 13500.0, n: 19, solution: False, time: 2.9440971470000363, instance: 
[6018 9247 6963  243 4702 6903 5431 6097 4536 6236 1484 1825 7014 8594
 4075 5565 9041 7064  869]
i: 55, Target: 13750.0, n: 20, solution: True, time: 0.1153360949999751, instance: 
[ 181  816 3347  649 6581 5592 8648 8266 8943 7251 1761 1506  309 8797
 4013 4473 2770  810  105 5481]
i: 56, Target: 14000.0, n: 21, solution: True, time: 0.593421683000031, instance: 
[6223 9827 3787 3973 6590 4286 4260 1797 7246 8284   57 1020  324 1266
 6080 3841  946 7797 2441 6349 2453]
i: 57, Target: 14250.0, n: 22, solution: True, time: 0.012746537999987595, instance: 
[8330 6041 4840 4948 7605 2850 3043 7758 2186 1215 1640 7294 8351 1272
 4547 2914  696 1403 6509 2883 9971 3212]
i: 58, Target: 14500.0, n: 23, solution: True, time: 23.982454797999992, instance: 
[2658 5892 3771 1565 2315 7228 4197  515 4786 1175 4368 3261 8785 5234
 4536 6562 6729 1534   91 8627 1328 5679 3673]
i: 59, Target: 14750.0, n: 24, solution: True, time: 2.0832336940000005, instance: 
[7013 7707 7756 1668 7517 3683 8081  369 2516 4222 8332 9655 7678 5643
 3021  245 5605 1199 3757 5895 5161 4216  232 3277]
i: 60, Target: 15000.0, n: 25, solution: False, time: 60.000109391999956, instance: 
[6452 2937 2390 7356 7387 6780 1138 8521 9361 6581 8118 1206 6364 7231
 7011 2093 3545 8716 4613 5933 6800 5803 2775 5197 7404]
i: 61, Target: 15250.0, n: 26, solution: True, time: 3.3984141060000184, instance: 
[8835 6820 8032 9487 8689  466 3154 8548 1084 2830 9963 3191 5736 1109
 3943 4575 8582 8815 5386 3692 6313 5771 3715 1613 4848 2723]
i: 62, Target: 15500.0, n: 27, solution: True, time: 0.0347239879999961, instance: 
[5618  229 6253 5683 4592 9603 8286 6977 7291 9876 8987 2703 2120  567
 4818 4956 1286 1047 8038   34 4645 7997 1987    7 2965 2937 8365]
i: 63, Target: 15750.0, n: 28, solution: True, time: 0.6863226760000316, instance: 
[5229 5875 9979  945  288 8892    4 1437 2275 1561 3540 3653 1105  938
 8251 4593 4668 1241  471 1744 3691 8012 6376 7300 8488 9438 4992 5013]
i: 64, Target: 16000.0, n: 29, solution: True, time: 2.417929216999994, instance: 
[3158 1803 2822 2524 6314 9687 6433  693  500 7030 2285 5669 3069 6249
 6775 3208  394  394 3748 8888 1690 3860  589 1043  624 9395 4353 6545
 8838]
i: 65, Target: 6160, n: 15, solution: False, time: 0.09333599400002868, instance: 
[9329, 302, 912, 8317, 1724, 9721, 4978, 7804, 9024, 4325, 7056, 7871, 9526, 7446, 4429]
i: 66, Target: 9456, n: 16, solution: False, time: 0.19050270600001795, instance: 
[9329, 302, 912, 8317, 1724, 9721, 4978, 7804, 9024, 4325, 7056, 7871, 9526, 7446, 4429, 6160]
i: 67, Target: 4159, n: 17, solution: False, time: 0.3676061969999864, instance: 
[9329, 302, 912, 8317, 1724, 9721, 4978, 7804, 9024, 4325, 7056, 7871, 9526, 7446, 4429, 6160, 9456]
i: 68, Target: 2972, n: 18, solution: False, time: 0.6168862950000289, instance: 
[9329, 302, 912, 8317, 1724, 9721, 4978, 7804, 9024, 4325, 7056, 7871, 9526, 7446, 4429, 6160, 9456, 4159]
i: 69, Target: 8327, n: 19, solution: False, time: 1.2477802160000238, instance: 
[9329, 302, 912, 8317, 1724, 9721, 4978, 7804, 9024, 4325, 7056, 7871, 9526, 7446, 4429, 6160, 9456, 4159, 2972]
i: 70, Target: 3389, n: 20, solution: False, time: 2.7367016110000577, instance: 
[9329, 302, 912, 8317, 1724, 9721, 4978, 7804, 9024, 4325, 7056, 7871, 9526, 7446, 4429, 6160, 9456, 4159, 2972, 8327]
i: 71, Target: 4853, n: 21, solution: False, time: 5.143918153000072, instance: 
[9329, 302, 912, 8317, 1724, 9721, 4978, 7804, 9024, 4325, 7056, 7871, 9526, 7446, 4429, 6160, 9456, 4159, 2972, 8327, 3389]
i: 72, Target: 5516, n: 22, solution: False, time: 9.956495528999994, instance: 
[9329, 302, 912, 8317, 1724, 9721, 4978, 7804, 9024, 4325, 7056, 7871, 9526, 7446, 4429, 6160, 9456, 4159, 2972, 8327, 3389, 4853]
i: 73, Target: 4262, n: 23, solution: False, time: 19.671222317, instance: 
[9329, 302, 912, 8317, 1724, 9721, 4978, 7804, 9024, 4325, 7056, 7871, 9526, 7446, 4429, 6160, 9456, 4159, 2972, 8327, 3389, 4853, 5516]
i: 74, Target: 1646, n: 24, solution: False, time: 39.19420298499995, instance: 
[9329, 302, 912, 8317, 1724, 9721, 4978, 7804, 9024, 4325, 7056, 7871, 9526, 7446, 4429, 6160, 9456, 4159, 2972, 8327, 3389, 4853, 5516, 4262]
i: 75, Target: 7093, n: 25, solution: False, time: 60.000116484000046, instance: 
[9329, 302, 912, 8317, 1724, 9721, 4978, 7804, 9024, 4325, 7056, 7871, 9526, 7446, 4429, 6160, 9456, 4159, 2972, 8327, 3389, 4853, 5516, 4262, 1646]
i: 76, Target: 3106, n: 26, solution: False, time: 60.000159471000075, instance: 
[9329, 302, 912, 8317, 1724, 9721, 4978, 7804, 9024, 4325, 7056, 7871, 9526, 7446, 4429, 6160, 9456, 4159, 2972, 8327, 3389, 4853, 5516, 4262, 1646, 7093]
i: 77, Target: 6472, n: 27, solution: False, time: 60.00013336200004, instance: 
[9329, 302, 912, 8317, 1724, 9721, 4978, 7804, 9024, 4325, 7056, 7871, 9526, 7446, 4429, 6160, 9456, 4159, 2972, 8327, 3389, 4853, 5516, 4262, 1646, 7093, 3106]
i: 78, Target: 8867, n: 28, solution: False, time: 60.00007175299993, instance: 
[9329, 302, 912, 8317, 1724, 9721, 4978, 7804, 9024, 4325, 7056, 7871, 9526, 7446, 4429, 6160, 9456, 4159, 2972, 8327, 3389, 4853, 5516, 4262, 1646, 7093, 3106, 6472]
i: 79, Target: 6236, n: 29, solution: False, time: 60.00014381099993, instance: 
[9329, 302, 912, 8317, 1724, 9721, 4978, 7804, 9024, 4325, 7056, 7871, 9526, 7446, 4429, 6160, 9456, 4159, 2972, 8327, 3389, 4853, 5516, 4262, 1646, 7093, 3106, 6472, 8867]
i: 80, Target: 4230100566, n: 20, solution: False, time: 2.5145788459999494, instance: 
[1692611900, 2237519610, 3443012648, 716709013, 1537529778, 1509390951, 3619574626, 94204160, 3614463460, 3352306294, 865532988, 170530019, 1250881956, 2454120508, 2328827740, 1905165571, 1626492697, 3436353932, 4142384293, 582276472]
i: 81, Target: 277069428, n: 21, solution: False, time: 5.011710670999946, instance: 
[1692611900, 2237519610, 3443012648, 716709013, 1537529778, 1509390951, 3619574626, 94204160, 3614463460, 3352306294, 865532988, 170530019, 1250881956, 2454120508, 2328827740, 1905165571, 1626492697, 3436353932, 4142384293, 582276472, 4230100566]
i: 82, Target: 2934241198, n: 22, solution: False, time: 9.966144480000025, instance: 
[1692611900, 2237519610, 3443012648, 716709013, 1537529778, 1509390951, 3619574626, 94204160, 3614463460, 3352306294, 865532988, 170530019, 1250881956, 2454120508, 2328827740, 1905165571, 1626492697, 3436353932, 4142384293, 582276472, 4230100566, 277069428]
i: 83, Target: 1696434625, n: 23, solution: False, time: 19.687549004999937, instance: 
[1692611900, 2237519610, 3443012648, 716709013, 1537529778, 1509390951, 3619574626, 94204160, 3614463460, 3352306294, 865532988, 170530019, 1250881956, 2454120508, 2328827740, 1905165571, 1626492697, 3436353932, 4142384293, 582276472, 4230100566, 277069428, 2934241198]
i: 84, Target: 2633880204, n: 24, solution: False, time: 39.51731358999996, instance: 
[1692611900, 2237519610, 3443012648, 716709013, 1537529778, 1509390951, 3619574626, 94204160, 3614463460, 3352306294, 865532988, 170530019, 1250881956, 2454120508, 2328827740, 1905165571, 1626492697, 3436353932, 4142384293, 582276472, 4230100566, 277069428, 2934241198, 1696434625]
i: 85, Target: 3273546516, n: 25, solution: False, time: 60.00027252699999, instance: 
[1692611900, 2237519610, 3443012648, 716709013, 1537529778, 1509390951, 3619574626, 94204160, 3614463460, 3352306294, 865532988, 170530019, 1250881956, 2454120508, 2328827740, 1905165571, 1626492697, 3436353932, 4142384293, 582276472, 4230100566, 277069428, 2934241198, 1696434625, 2633880204]
i: 86, Target: 2380910189, n: 26, solution: False, time: 60.000098721000086, instance: 
[1692611900, 2237519610, 3443012648, 716709013, 1537529778, 1509390951, 3619574626, 94204160, 3614463460, 3352306294, 865532988, 170530019, 1250881956, 2454120508, 2328827740, 1905165571, 1626492697, 3436353932, 4142384293, 582276472, 4230100566, 277069428, 2934241198, 1696434625, 2633880204, 3273546516]
i: 87, Target: 598630825, n: 27, solution: False, time: 60.00010196500011, instance: 
[1692611900, 2237519610, 3443012648, 716709013, 1537529778, 1509390951, 3619574626, 94204160, 3614463460, 3352306294, 865532988, 170530019, 1250881956, 2454120508, 2328827740, 1905165571, 1626492697, 3436353932, 4142384293, 582276472, 4230100566, 277069428, 2934241198, 1696434625, 2633880204, 3273546516, 2380910189]
i: 88, Target: 1503135148, n: 28, solution: False, time: 60.0000641229999, instance: 
[1692611900, 2237519610, 3443012648, 716709013, 1537529778, 1509390951, 3619574626, 94204160, 3614463460, 3352306294, 865532988, 170530019, 1250881956, 2454120508, 2328827740, 1905165571, 1626492697, 3436353932, 4142384293, 582276472, 4230100566, 277069428, 2934241198, 1696434625, 2633880204, 3273546516, 2380910189, 598630825]
i: 89, Target: 3392306130, n: 29, solution: False, time: 60.00010765999991, instance: 
[1692611900, 2237519610, 3443012648, 716709013, 1537529778, 1509390951, 3619574626, 94204160, 3614463460, 3352306294, 865532988, 170530019, 1250881956, 2454120508, 2328827740, 1905165571, 1626492697, 3436353932, 4142384293, 582276472, 4230100566, 277069428, 2934241198, 1696434625, 2633880204, 3273546516, 2380910189, 598630825, 1503135148]
i: 90, Target: 2656174599, n: 20, solution: False, time: 2.5454171409999162, instance: 
[3127730451, 3280302934, 2576356029, 1152136440, 2189456375, 1581793514, 651262785, 3045530540, 4246594331, 756235710, 949012997, 2261005216, 1268208255, 1818475986, 77808393, 290451668, 2082907683, 704795942, 2637195853, 3821274952]
i: 91, Target: 639031226, n: 21, solution: False, time: 4.9376317179999205, instance: 
[3127730451, 3280302934, 2576356029, 1152136440, 2189456375, 1581793514, 651262785, 3045530540, 4246594331, 756235710, 949012997, 2261005216, 1268208255, 1818475986, 77808393, 290451668, 2082907683, 704795942, 2637195853, 3821274952, 2656174599]
i: 92, Target: 1454769105, n: 22, solution: False, time: 9.927929865999886, instance: 
[3127730451, 3280302934, 2576356029, 1152136440, 2189456375, 1581793514, 651262785, 3045530540, 4246594331, 756235710, 949012997, 2261005216, 1268208255, 1818475986, 77808393, 290451668, 2082907683, 704795942, 2637195853, 3821274952, 2656174599, 639031226]
i: 93, Target: 2291886844, n: 23, solution: False, time: 19.67189000999997, instance: 
[3127730451, 3280302934, 2576356029, 1152136440, 2189456375, 1581793514, 651262785, 3045530540, 4246594331, 756235710, 949012997, 2261005216, 1268208255, 1818475986, 77808393, 290451668, 2082907683, 704795942, 2637195853, 3821274952, 2656174599, 639031226, 1454769105]
i: 94, Target: 2341456427, n: 24, solution: False, time: 39.21688681900014, instance: 
[3127730451, 3280302934, 2576356029, 1152136440, 2189456375, 1581793514, 651262785, 3045530540, 4246594331, 756235710, 949012997, 2261005216, 1268208255, 1818475986, 77808393, 290451668, 2082907683, 704795942, 2637195853, 3821274952, 2656174599, 639031226, 1454769105, 2291886844]
i: 95, Target: 1534876046, n: 25, solution: False, time: 60.00011482199989, instance: 
[3127730451, 3280302934, 2576356029, 1152136440, 2189456375, 1581793514, 651262785, 3045530540, 4246594331, 756235710, 949012997, 2261005216, 1268208255, 1818475986, 77808393, 290451668, 2082907683, 704795942, 2637195853, 3821274952, 2656174599, 639031226, 1454769105, 2291886844, 2341456427]
i: 96, Target: 743183253, n: 26, solution: False, time: 60.00013345299999, instance: 
[3127730451, 3280302934, 2576356029, 1152136440, 2189456375, 1581793514, 651262785, 3045530540, 4246594331, 756235710, 949012997, 2261005216, 1268208255, 1818475986, 77808393, 290451668, 2082907683, 704795942, 2637195853, 3821274952, 2656174599, 639031226, 1454769105, 2291886844, 2341456427, 1534876046]
i: 97, Target: 3047575536, n: 27, solution: False, time: 60.0000794030002, instance: 
[3127730451, 3280302934, 2576356029, 1152136440, 2189456375, 1581793514, 651262785, 3045530540, 4246594331, 756235710, 949012997, 2261005216, 1268208255, 1818475986, 77808393, 290451668, 2082907683, 704795942, 2637195853, 3821274952, 2656174599, 639031226, 1454769105, 2291886844, 2341456427, 1534876046, 743183253]
i: 98, Target: 2284495503, n: 28, solution: False, time: 60.000135080000064, instance: 
[3127730451, 3280302934, 2576356029, 1152136440, 2189456375, 1581793514, 651262785, 3045530540, 4246594331, 756235710, 949012997, 2261005216, 1268208255, 1818475986, 77808393, 290451668, 2082907683, 704795942, 2637195853, 3821274952, 2656174599, 639031226, 1454769105, 2291886844, 2341456427, 1534876046, 743183253, 3047575536]
i: 99, Target: 55914146, n: 29, solution: False, time: 60.00008631600008, instance: 
[3127730451, 3280302934, 2576356029, 1152136440, 2189456375, 1581793514, 651262785, 3045530540, 4246594331, 756235710, 949012997, 2261005216, 1268208255, 1818475986, 77808393, 290451668, 2082907683, 704795942, 2637195853, 3821274952, 2656174599, 639031226, 1454769105, 2291886844, 2341456427, 1534876046, 743183253, 3047575536, 2284495503]
